0.00027 3.14097 0.13484 -0.31291  -3.34279   0.00502  0.00084 -0.01239  0.02881
0.00027 3.14097 0.13484 -0.31291  -3.34279   0.00502  0.00084 -0.01239  0.02881
0.00108 3.13909 0.26948 -0.62583  -3.34279   0.00502  0.00086 -0.01239  0.02881
0.00108 3.13909 0.26948 -0.62583  -3.34279   0.00502  0.00086 -0.01239  0.02881
0.00242 3.13596 0.40370 -0.93877  -3.34279   0.00502  0.00088 -0.01239  0.02881
0.00242 3.13596 0.40370 -0.93877  -3.34279   0.00502  0.00088 -0.01239  0.02881
0.00431 3.13158 0.53730 -1.25175  -3.34279   0.00502  0.00092 -0.01239  0.02881
0.00431 3.13158 0.53730 -1.25175  -3.34279   0.00502  0.00092 -0.01239  0.02881
0.00672 3.12595 0.67008 -1.56480  -3.34279   0.00502  0.00096 -0.01240  0.02881
0.00672 3.12595 0.67008 -1.56480  -3.34279   0.00502  0.00096 -0.01240  0.02881
0.00967 3.11906 0.80186 -1.87793  -3.34279   0.00502  0.00102 -0.01240  0.02881
0.00967 3.11906 0.80186 -1.87793  -3.34279   0.00502  0.00102 -0.01240  0.02881
0.01314 3.11092 0.93244 -2.19119  -3.34279   0.00502  0.00108 -0.01240  0.02882
0.01314 3.11092 0.93244 -2.19119  -3.34279   0.00502  0.00108 -0.01240  0.02882
0.01712 3.10153 1.06166 -2.50463  -3.34279   0.00502  0.00115 -0.01240  0.02882
0.01712 3.10153 1.06166 -2.50463  -3.34279   0.00502  0.00115 -0.01240  0.02882
0.02163 3.09089 1.18936 -2.81830  -3.34279   0.00502  0.00123 -0.01240  0.02883
0.02163 3.09089 1.18936 -2.81830  -3.34279   0.00502  0.00123 -0.01240  0.02883
0.02664 3.07898 1.31540 -3.13228  -3.34279   0.00502  0.00133 -0.01241  0.02884
0.02664 3.07898 1.31540 -3.13228  -3.34279   0.00502  0.00133 -0.01241  0.02884
0.03215 3.06583 1.43965 -3.44666  -3.34279   0.00503  0.00143 -0.01241  0.02886
0.03215 3.06583 1.43965 -3.44666  -3.34279   0.00503  0.00143 -0.01241  0.02886
0.03815 3.05141 1.56201 -3.76155  -3.34279   0.00503  0.00155 -0.01242  0.02888
0.03815 3.05141 1.56201 -3.76155  -3.34279   0.00503  0.00155 -0.01242  0.02888
0.04464 3.03573 1.68243 -4.07708  -3.34279   0.00503  0.00168 -0.01243  0.02890
0.04464 3.03573 1.68243 -4.07708  -3.34279   0.00503  0.00168 -0.01243  0.02890
0.05161 3.01879 1.80085 -4.39339  -3.34279   0.00503  0.00182 -0.01244  0.02893
0.05161 3.01879 1.80085 -4.39339  -3.34279   0.00503  0.00182 -0.01244  0.02893
0.05905 3.00058 1.91727 -4.71066  -3.34279   0.00504  0.00198 -0.01246  0.02896
0.05905 3.00058 1.91727 -4.71066  -3.34279   0.00504  0.00198 -0.01246  0.02896
0.06694 2.98111 2.03174 -5.02909  -3.34279   0.00505  0.00215 -0.01247  0.02900
0.06694 2.98111 2.03174 -5.02909  -3.34279   0.00505  0.00215 -0.01247  0.02900
0.07530 2.96035 2.14433 -5.34890  -3.34279   0.00505  0.00233 -0.01249  0.02905
0.07530 2.96035 2.14433 -5.34890  -3.34279   0.00505  0.00233 -0.01249  0.02905
0.08410 2.93831 2.25518 -5.67035  -3.34279   0.00506  0.00253 -0.01252  0.02911
0.08410 2.93831 2.25518 -5.67035  -3.34279   0.00506  0.00253 -0.01252  0.02911
0.09334 2.91498 2.36448 -5.99374  -3.34279   0.00508  0.00273 -0.01255  0.02918
0.09334 2.91498 2.36448 -5.99374  -3.34279   0.00508  0.00273 -0.01255  0.02918
0.10301 2.89036 2.47248 -6.31938  -3.34279   0.00510  0.00291 -0.01259  0.02926
0.10301 2.89036 2.47248 -6.31938  -3.34279   0.00510  0.00291 -0.01259  0.02926
0.11311 2.86443 2.57949 -6.64765  -3.34279   0.00512  0.00299 -0.01263  0.02936
0.11311 2.86443 2.57949 -6.64765  -3.34279   0.00512  0.00299 -0.01263  0.02936
0.12365 2.83717 2.68589 -6.97896  -3.34279   0.00515  0.00274 -0.01268  0.02948
0.12365 2.83717 2.68589 -6.97896  -3.34279   0.00515  0.00274 -0.01268  0.02948
0.13448 2.80887 2.67192 -7.03837  -3.34279   0.00517  0.00150 -0.01274  0.02960
0.13448 2.80887 2.67192 -7.03837  2.42243   0.00517  0.00150 -0.01274  0.02960
0.14490 2.78114 2.53545 -6.82327  2.42243   0.00520  0.00142 -0.01281  0.02971
0.14490 2.78114 2.53545 -6.82327  2.42243   0.00520  0.00142 -0.01281  0.02971
0.15476 2.75428 2.39607 -6.60800  2.42243   0.00522  0.00134 -0.01287  0.02983
0.15476 2.75428 2.39607 -6.60800  2.42243   0.00522  0.00134 -0.01287  0.02983
0.16406 2.72828 2.25393 -6.39244  2.42243   0.00525  0.00126 -0.01294  0.02995
0.16406 2.72828 2.25393 -6.39244  2.42243   0.00525  0.00126 -0.01294  0.02995
0.17279 2.70314 2.10920 -6.17647  2.42243   0.00528  0.00119 -0.01302  0.03008
0.17279 2.70314 2.10920 -6.17647  2.42243   0.00528  0.00119 -0.01302  0.03008
0.18093 2.67887 1.96202 -5.96002  2.42243   0.00530  0.00112 -0.01309  0.03021
0.18093 2.67887 1.96202 -5.96002  2.42243   0.00530  0.00112 -0.01309  0.03021
0.18848 2.65546 1.81256 -5.74303  2.42243   0.00533  0.00105 -0.01316  0.03034
0.18848 2.65546 1.81256 -5.74303  2.42243   0.00533  0.00105 -0.01316  0.03034
0.19543 2.63292 1.66094 -5.52545  2.42243   0.00536  0.00098 -0.01324  0.03047
0.19543 2.63292 1.66094 -5.52545  2.42243   0.00536  0.00098 -0.01324  0.03047
0.20177 2.61126 1.50730 -5.30725  2.42243   0.00539  0.00092 -0.01331  0.03060
0.20177 2.61126 1.50730 -5.30725  2.42243   0.00539  0.00092 -0.01331  0.03060
0.20749 2.59047 1.35176 -5.08843  2.42243   0.00542  0.00086 -0.01339  0.03073
0.20749 2.59047 1.35176 -5.08843  2.42243   0.00542  0.00086 -0.01339  0.03073
0.21258 2.57055 1.19445 -4.86899  2.42243   0.00545  0.00079 -0.01346  0.03086
0.21258 2.57055 1.19445 -4.86899  2.42243   0.00545  0.00079 -0.01346  0.03086
0.21704 2.55152 1.03546 -4.64897  2.42243   0.00548  0.00074 -0.01353  0.03099
0.21704 2.55152 1.03546 -4.64897  2.42243   0.00548  0.00074 -0.01353  0.03099
0.22086 2.53336 0.87492 -4.42840  2.42243   0.00551  0.00068 -0.01360  0.03111
0.22086 2.53336 0.87492 -4.42840  2.42243   0.00551  0.00068 -0.01360  0.03111
0.22404 2.51609 0.71292 -4.20735  2.42243   0.00554  0.00063 -0.01367  0.03123
0.22404 2.51609 0.71292 -4.20735  2.42243   0.00554  0.00063 -0.01367  0.03123
0.22656 2.49970 0.54955 -3.98589  2.42243   0.00557  0.00058 -0.01374  0.03135
0.22656 2.49970 0.54955 -3.98589  2.42243   0.00557  0.00058 -0.01374  0.03135
0.22843 2.48420 0.38492 -3.76410  2.42243   0.00560  0.00053 -0.01380  0.03147
0.22843 2.48420 0.38492 -3.76410  2.42243   0.00560  0.00053 -0.01380  0.03147
0.22964 2.46959 0.21911 -3.54209  2.42243   0.00562  0.00049 -0.01387  0.03158
0.22964 2.46959 0.21911 -3.54209  2.42243   0.00562  0.00049 -0.01387  0.03158
0.23018 2.45587 0.05221 -3.31998  2.42243   0.00565  0.00045 -0.01393  0.03169
0.23018 2.45587 0.05221 -3.31998  2.42243   0.00565  0.00045 -0.01393  0.03169
0.23006 2.44303 -0.11568 -3.09790  2.42243   0.00567  0.00042 -0.01398  0.03179
0.23006 2.44303 -0.11568 -3.09790  2.42243   0.00567  0.00042 -0.01398  0.03179
0.22926 2.43108 -0.28448 -2.87598  2.42243   0.00570  0.00039 -0.01403  0.03188
0.22926 2.43108 -0.28448 -2.87598  2.42243   0.00570  0.00039 -0.01403  0.03188
0.22778 2.42002 -0.45411 -2.65437  2.42243   0.00572  0.00036 -0.01408  0.03197
0.22778 2.42002 -0.45411 -2.65437  2.42243   0.00572  0.00036 -0.01408  0.03197
0.22562 2.40985 -0.62446 -2.43324  2.42243   0.00574  0.00034 -0.01413  0.03205
0.22562 2.40985 -0.62446 -2.43324  2.42243   0.00574  0.00034 -0.01413  0.03205
0.22278 2.40055 -0.79546 -2.21275  2.42243   0.00576  0.00032 -0.01417  0.03213
0.22278 2.40055 -0.79546 -2.21275  2.42243   0.00576  0.00032 -0.01417  0.03213
0.21926 2.39214 -0.96702 -1.99309  2.42243   0.00578  0.00031 -0.01421  0.03220
0.21926 2.39214 -0.96702 -1.99309  2.42243   0.00578  0.00031 -0.01421  0.03220
0.21505 2.38461 -1.13905 -1.77443  2.42243   0.00579  0.00030 -0.01424  0.03226
0.21505 2.38461 -1.13905 -1.77443  2.42243   0.00579  0.00030 -0.01424  0.03226
0.21014 2.37795 -1.31145 -1.55696  2.42243   0.00581  0.00030 -0.01427  0.03232
0.21014 2.37795 -1.31145 -1.55696  2.42243   0.00581  0.00030 -0.01427  0.03232
0.20455 2.37215 -1.48413 -1.34089  2.42243   0.00582  0.00031 -0.01430  0.03236
0.20455 2.37215 -1.48413 -1.34089  2.42243   0.00582  0.00031 -0.01430  0.03236
0.19827 2.36722 -1.65701 -1.12640  2.42243   0.00583  0.00031 -0.01432  0.03240
0.19827 2.36722 -1.65701 -1.12640  2.42243   0.00583  0.00031 -0.01432  0.03240
0.19130 2.36314 -1.82999 -0.91369  2.42243   0.00584  0.00033 -0.01433  0.03244
0.19130 2.36314 -1.82999 -0.91369  2.42243   0.00584  0.00033 -0.01433  0.03244
0.18363 2.35990 -2.00298 -0.70297  2.42243   0.00584  0.00035 -0.01434  0.03246
0.18363 2.35990 -2.00298 -0.70297  2.42243   0.00584  0.00035 -0.01434  0.03246
0.17527 2.35751 -2.17587 -0.49443  2.42243   0.00585  0.00037 -0.01435  0.03248
0.17527 2.35751 -2.17587 -0.49443  2.42243   0.00585  0.00037 -0.01435  0.03248
0.16622 2.35595 -2.34858 -0.28828  2.42243   0.00585  0.00040 -0.01436  0.03248
0.16622 2.35595 -2.34858 -0.28828  2.42243   0.00585  0.00040 -0.01436  0.03248
0.15649 2.35520 -2.52101 -0.08471  2.42243   0.00584  0.00043 -0.01436  0.03248
0.15649 2.35520 -2.52101 -0.08471  2.42243   0.00584  0.00043 -0.01436  0.03248
0.14606 2.35526 -2.69306 0.11608  2.42243   0.00584  0.00047 -0.01435  0.03248
0.14606 2.35526 -2.69306 0.11608  2.42243   0.00584  0.00047 -0.01435  0.03248
0.13494 2.35613 -2.86463 0.31392  2.42243   0.00583  0.00051 -0.01434  0.03246
0.13494 2.35613 -2.86463 0.31392  2.42243   0.00583  0.00051 -0.01434  0.03246
0.12314 2.35777 -3.03563 0.50861  2.42243   0.00582  0.00056 -0.01433  0.03244
0.12314 2.35777 -3.03563 0.50861  2.42243   0.00582  0.00056 -0.01433  0.03244
0.11066 2.36019 -3.20596 0.69999  2.42243   0.00581  0.00061 -0.01431  0.03241
0.11066 2.36019 -3.20596 0.69999  2.42243   0.00581  0.00061 -0.01431  0.03241
0.09749 2.36337 -3.37551 0.88787  2.42243   0.00580  0.00066 -0.01429  0.03238
0.09749 2.36337 -3.37551 0.88787  2.42243   0.00580  0.00066 -0.01429  0.03238
0.08365 2.36729 -3.54419 1.07211  2.42243   0.00578  0.00072 -0.01427  0.03234
0.08365 2.36729 -3.54419 1.07211  2.42243   0.00578  0.00072 -0.01427  0.03234
0.06914 2.37194 -3.71188 1.25256  2.42243   0.00576  0.00078 -0.01424  0.03229
0.06914 2.37194 -3.71188 1.25256  2.42243   0.00576  0.00078 -0.01424  0.03229
0.05396 2.37730 -3.87850 1.42907  2.42243   0.00574  0.00084 -0.01421  0.03223
0.05396 2.37730 -3.87850 1.42907  2.42243   0.00574  0.00084 -0.01421  0.03223
0.03812 2.38337 -4.04393 1.60152  2.42243   0.00571  0.00090 -0.01418  0.03217
0.03812 2.38337 -4.04393 1.60152  2.42243   0.00571  0.00090 -0.01418  0.03217
0.02161 2.39011 -4.20807 1.76979  2.42243   0.00569  0.00097 -0.01415  0.03211
0.02161 2.39011 -4.20807 1.76979  2.42243   0.00569  0.00097 -0.01415  0.03211
0.00445 2.39752 -4.37081 1.93378  2.42243   0.00566  0.00104 -0.01411  0.03204
0.00445 2.39752 -4.37081 1.93378  2.42243   0.00566  0.00104 -0.01411  0.03204
6.26983 2.40557 -4.53203 2.09340  2.42243   0.00563  0.00110 -0.01407  0.03196
6.26983 2.40557 -4.53203 2.09340  2.42243   0.00563  0.00110 -0.01407  0.03196
6.25138 2.41426 -4.69164 2.24857  2.42243   0.00559  0.00117 -0.01402  0.03188
6.25138 2.41426 -4.69164 2.24857  2.42243   0.00559  0.00117 -0.01402  0.03188
6.23230 2.42356 -4.84950 2.39923  2.42243   0.00555  0.00124 -0.01398  0.03180
6.23230 2.42356 -4.84950 2.39923  2.42243   0.00555  0.00124 -0.01398  0.03180
6.21259 2.43345 -5.00550 2.54532  2.42243   0.00551  0.00130 -0.01393  0.03171
6.21259 2.43345 -5.00550 2.54532  2.42243   0.00551  0.00130 -0.01393  0.03171
6.19226 2.44391 -5.15952 2.68682  2.42243   0.00547  0.00134 -0.01388  0.03163
6.19226 2.44391 -5.15952 2.68682  2.42243   0.00547  0.00134 -0.01388  0.03163
6.17132 2.45494 -5.31143 2.82370  2.42243   0.00543  0.00134 -0.01383  0.03153
6.17132 2.45494 -5.31143 2.82370  2.42243   0.00543  0.00134 -0.01383  0.03153
6.14977 2.46650 -5.46110 2.95597  2.42243   0.00538  0.00120 -0.01377  0.03143
6.14977 2.46650 -5.46110 2.95597  2.42243   0.00538  0.00120 -0.01377  0.03143
6.12760 2.47864 -5.63710 3.14739  2.42243   0.00532  0.00066 -0.01373  0.03134
6.12760 2.47864 -5.63710 3.14739  3.67851   0.00532  0.00066 -0.01373  0.03134
6.10465 2.49173 -5.83999 3.39740  3.67851   0.00527  0.00075 -0.01367  0.03123
6.10465 2.49173 -5.83999 3.39740  3.67851   0.00527  0.00075 -0.01367  0.03123
6.08089 2.50581 -6.04110 3.64199  3.67851   0.00521  0.00084 -0.01362  0.03112
6.08089 2.50581 -6.04110 3.64199  3.67851   0.00521  0.00084 -0.01362  0.03112
6.05632 2.52086 -6.24022 3.88118  3.67851   0.00515  0.00093 -0.01356  0.03101
6.05632 2.52086 -6.24022 3.88118  3.67851   0.00515  0.00093 -0.01356  0.03101
6.03097 2.53686 -6.43711 4.11503  3.67851   0.00508  0.00102 -0.01350  0.03089
6.03097 2.53686 -6.43711 4.11503  3.67851   0.00508  0.00102 -0.01350  0.03089
6.00483 2.55377 -6.63155 4.34359  3.67851   0.00501  0.00110 -0.01344  0.03077
6.00483 2.55377 -6.63155 4.34359  3.67851   0.00501  0.00110 -0.01344  0.03077
5.97792 2.57160 -6.82327 4.56699  3.67851   0.00494  0.00118 -0.01338  0.03064
5.97792 2.57160 -6.82327 4.56699  3.67851   0.00494  0.00118 -0.01338  0.03064
5.95025 2.59030 -7.01200 4.78536  3.67851   0.00486  0.00126 -0.01331  0.03052
5.95025 2.59030 -7.01200 4.78536  3.67851   0.00486  0.00126 -0.01331  0.03052
5.92183 2.60987 -7.19745 4.99890  3.67851   0.00478  0.00133 -0.01325  0.03039
5.92183 2.60987 -7.19745 4.99890  3.67851   0.00478  0.00133 -0.01325  0.03039
5.89267 2.63029 -7.37929 5.20781  3.67851   0.00470  0.00139 -0.01318  0.03027
5.89267 2.63029 -7.37929 5.20781  3.67851   0.00470  0.00139 -0.01318  0.03027
5.86280 2.65153 -7.55719 5.41235  3.67851   0.00461  0.00145 -0.01312  0.03015
5.86280 2.65153 -7.55719 5.41235  3.67851   0.00461  0.00145 -0.01312  0.03015
5.83222 2.67358 -7.73077 5.61279  3.67851   0.00452  0.00150 -0.01306  0.03003
5.83222 2.67358 -7.73077 5.61279  3.67851   0.00452  0.00150 -0.01306  0.03003
5.80096 2.69643 -7.89964 5.80945  3.67851   0.00443  0.00154 -0.01300  0.02991
5.80096 2.69643 -7.89964 5.80945  3.67851   0.00443  0.00154 -0.01300  0.02991
5.76903 2.72005 -8.06337 6.00267  3.67851   0.00433  0.00158 -0.01294  0.02979
5.76903 2.72005 -8.06337 6.00267  3.67851   0.00433  0.00158 -0.01294  0.02979
5.73646 2.74445 -8.22152 6.19283  3.67851   0.00423  0.00160 -0.01288  0.02968
5.73646 2.74445 -8.22152 6.19283  3.67851   0.00423  0.00160 -0.01288  0.02968
5.70327 2.76959 -8.37360 6.38032  3.67851   0.00412  0.00163 -0.01282  0.02957
5.70327 2.76959 -8.37360 6.38032  3.67851   0.00412  0.00163 -0.01282  0.02957
5.66948 2.79549 -8.51911 6.56557  3.67851   0.00401  0.00165 -0.01277  0.02947
5.66948 2.79549 -8.51911 6.56557  3.67851   0.00401  0.00165 -0.01277  0.02947
5.63512 2.82211 -8.65755 6.74902  3.67851   0.00390  0.00166 -0.01272  0.02937
5.63512 2.82211 -8.65755 6.74902  3.67851   0.00390  0.00166 -0.01272  0.02937
5.60023 2.84948 -8.78836 6.93114  3.67851   0.00378  0.00167 -0.01267  0.02928
5.60023 2.84948 -8.78836 6.93114  3.67851   0.00378  0.00167 -0.01267  0.02928
5.56483 2.87756 -8.91101 7.11241  3.67851   0.00366  0.00168 -0.01262  0.02920
5.56483 2.87756 -8.91101 7.11241  3.67851   0.00366  0.00168 -0.01262  0.02920
5.52895 2.90637 -9.02496 7.29331  3.67851   0.00353  0.00169 -0.01258  0.02912
5.52895 2.90637 -9.02496 7.29331  3.67851   0.00353  0.00169 -0.01258  0.02912
5.49264 2.93591 -9.12966 7.47434  3.67851   0.00341  0.00171 -0.01255  0.02905
5.49264 2.93591 -9.12966 7.47434  3.67851   0.00341  0.00171 -0.01255  0.02905
5.45593 2.96617 -9.22460 7.65599  3.67851   0.00327  0.00172 -0.01252  0.02899
5.45593 2.96617 -9.22460 7.65599  3.67851   0.00327  0.00172 -0.01252  0.02899
5.41886 2.99716 -9.30932 7.83875  3.67851   0.00314  0.00175 -0.01249  0.02894
5.41886 2.99716 -9.30932 7.83875  3.67851   0.00314  0.00175 -0.01249  0.02894
5.38147 3.02888 -9.38339 8.02310  3.67851   0.00300  0.00178 -0.01247  0.02889
5.38147 3.02888 -9.38339 8.02310  3.67851   0.00300  0.00178 -0.01247  0.02889
5.34380 3.06135 -9.44645 8.20950  3.67851   0.00286  0.00183 -0.01246  0.02886
5.34380 3.06135 -9.44645 8.20950  3.67851   0.00286  0.00183 -0.01246  0.02886
5.30591 3.09456 -9.49824 8.39841  3.67851   0.00272  0.00189 -0.01246  0.02884
5.30591 3.09456 -9.49824 8.39841  3.67851   0.00272  0.00189 -0.01246  0.02884
5.26783 3.12854 -9.53860 8.59024  3.67851   0.00258  0.00197 -0.01246  0.02884
5.26783 3.12854 -9.53860 8.59024  3.67851   0.00258  0.00197 -0.01246  0.02884
5.22962 3.16329 -9.56751 8.78541  3.67851   0.00243  0.00207 -0.01247  0.02884
5.22962 3.16329 -9.56751 8.78541  3.67851   0.00243  0.00207 -0.01247  0.02884
5.19131 3.19883 -9.58507 8.98429  3.67851   0.00228  0.00219 -0.01249  0.02886
5.19131 3.19883 -9.58507 8.98429  3.67851   0.00228  0.00219 -0.01249  0.02886
5.15295 3.23517 -9.59156 9.18723  3.67851   0.00214  0.00233 -0.01252  0.02890
5.15295 3.23517 -9.59156 9.18723  3.67851   0.00214  0.00233 -0.01252  0.02890
5.11459 3.27233 -9.58744 9.39456  3.67851   0.00199  0.00250 -0.01256  0.02896
5.11459 3.27233 -9.58744 9.39456  3.67851   0.00199  0.00250 -0.01256  0.02896
5.07626 3.31033 -9.57333 9.60661  3.67851   0.00185  0.00267 -0.01260  0.02903
5.07626 3.31033 -9.57333 9.60661  3.67851   0.00185  0.00267 -0.01260  0.02903
5.03801 3.34919 -9.55006 9.82369  3.67851   0.00171  0.00281 -0.01266  0.02913
5.03801 3.34919 -9.55006 9.82369  3.67851   0.00171  0.00281 -0.01266  0.02913
4.99987 3.38893 -9.51864 10.04610  3.67851   0.00157  0.00282 -0.01273  0.02925
4.99987 3.38893 -9.51864 10.04610  3.67851   0.00157  0.00282 -0.01273  0.02925
4.96194 3.42942 -9.41570 10.12519  3.67851   0.00143  0.00235 -0.01281  0.02939
4.96194 3.42942 -9.41570 10.12519  0.54373   0.00143  0.00235 -0.01281  0.02939
4.92462 3.46978 -9.24290 10.05914  0.54373   0.00130  0.00241 -0.01291  0.02954
4.92462 3.46978 -9.24290 10.05914  0.54373   0.00130  0.00241 -0.01291  0.02954
4.88800 3.50989 -9.06635 9.99593  0.54373   0.00117  0.00247 -0.01301  0.02971
4.88800 3.50989 -9.06635 9.99593  0.54373   0.00117  0.00247 -0.01301  0.02971
4.85209 3.54975 -8.88746 9.93517  0.54373   0.00104  0.00252 -0.01313  0.02990
4.85209 3.54975 -8.88746 9.93517  0.54373   0.00104  0.00252 -0.01313  0.02990
4.81690 3.58938 -8.70754 9.87653  0.54373   0.00092  0.00256 -0.01325  0.03010
4.81690 3.58938 -8.70754 9.87653  0.54373   0.00092  0.00256 -0.01325  0.03010
4.78243 3.62877 -8.52775 9.81970  0.54373   0.00080  0.00260 -0.01339  0.03033
4.78243 3.62877 -8.52775 9.81970  0.54373   0.00080  0.00260 -0.01339  0.03033
4.74868 3.66794 -8.34915 9.76442  0.54373   0.00069  0.00263 -0.01353  0.03057
4.74868 3.66794 -8.34915 9.76442  0.54373   0.00069  0.00263 -0.01353  0.03057
4.71564 3.70689 -8.17262 9.71044  0.54373   0.00058  0.00265 -0.01369  0.03084
4.71564 3.70689 -8.17262 9.71044  0.54373   0.00058  0.00265 -0.01369  0.03084
4.68329 3.74562 -7.99895 9.65758  0.54373   0.00047  0.00267 -0.01385  0.03112
4.68329 3.74562 -7.99895 9.65758  0.54373   0.00047  0.00267 -0.01385  0.03112
4.65164 3.78415 -7.82878 9.60567  0.54373   0.00037  0.00268 -0.01402  0.03142
4.65164 3.78415 -7.82878 9.60567  0.54373   0.00037  0.00268 -0.01402  0.03142
4.62066 3.82247 -7.66264 9.55458  0.54373   0.00027  0.00269 -0.01420  0.03174
4.62066 3.82247 -7.66264 9.55458  0.54373   0.00027  0.00269 -0.01420  0.03174
4.59033 3.86059 -7.50095 9.50422  0.54373   0.00017  0.00269 -0.01439  0.03208
4.59033 3.86059 -7.50095 9.50422  0.54373   0.00017  0.00269 -0.01439  0.03208
4.56064 3.89850 -7.34401 9.45451  0.54373   0.00007  0.00268 -0.01459  0.03244
4.56064 3.89850 -7.34401 9.45451  0.54373   0.00007  0.00268 -0.01459  0.03244
4.53157 3.93622 -7.19206 9.40539  0.54373  -0.00002  0.00267 -0.01480  0.03282
4.53157 3.93622 -7.19206 9.40539  0.54373  -0.00002  0.00267 -0.01480  0.03282
4.50310 3.97375 -7.04526 9.35683  0.54373  -0.00011  0.00266 -0.01502  0.03322
4.50310 3.97375 -7.04526 9.35683  0.54373  -0.00011  0.00266 -0.01502  0.03322
4.47521 4.01108 -6.90369 9.30882  0.54373  -0.00020  0.00265 -0.01524  0.03364
4.47521 4.01108 -6.90369 9.30882  0.54373  -0.00020  0.00265 -0.01524  0.03364
4.44786 4.04822 -6.76738 9.26135  0.54373  -0.00029  0.00264 -0.01548  0.03408
4.44786 4.04822 -6.76738 9.26135  0.54373  -0.00029  0.00264 -0.01548  0.03408
4.42106 4.08517 -6.63633 9.21442  0.54373  -0.00038  0.00262 -0.01572  0.03455
4.42106 4.08517 -6.63633 9.21442  0.54373  -0.00038  0.00262 -0.01572  0.03455
4.39477 4.12193 -6.51047 9.16806  0.54373  -0.00046  0.00261 -0.01598  0.03503
4.39477 4.12193 -6.51047 9.16806  0.54373  -0.00046  0.00261 -0.01598  0.03503
4.36897 4.15851 -6.38972 9.12230  0.54373  -0.00055  0.00260 -0.01624  0.03554
4.36897 4.15851 -6.38972 9.12230  0.54373  -0.00055  0.00260 -0.01624  0.03554
4.34364 4.19491 -6.27399 9.07717  0.54373  -0.00063  0.00258 -0.01651  0.03607
4.34364 4.19491 -6.27399 9.07717  0.54373  -0.00063  0.00258 -0.01651  0.03607
4.31877 4.23113 -6.16314 9.03270  0.54373  -0.00072  0.00258 -0.01680  0.03662
4.31877 4.23113 -6.16314 9.03270  0.54373  -0.00072  0.00258 -0.01680  0.03662
4.29433 4.26718 -6.05705 8.98894  0.54373  -0.00080  0.00257 -0.01709  0.03720
4.29433 4.26718 -6.05705 8.98894  0.54373  -0.00080  0.00257 -0.01709  0.03720
4.27031 4.30305 -5.95557 8.94595  0.54373  -0.00089  0.00257 -0.01740  0.03780
4.27031 4.30305 -5.95557 8.94595  0.54373  -0.00089  0.00257 -0.01740  0.03780
4.24668 4.33874 -5.85855 8.90376  0.54373  -0.00097  0.00257 -0.01771  0.03843
4.24668 4.33874 -5.85855 8.90376  0.54373  -0.00097  0.00257 -0.01771  0.03843
4.22343 4.37428 -5.76584 8.86245  0.54373  -0.00106  0.00257 -0.01804  0.03908
4.22343 4.37428 -5.76584 8.86245  0.54373  -0.00106  0.00257 -0.01804  0.03908
4.20055 4.40965 -5.67729 8.82206  0.54373  -0.00115  0.00258 -0.01838  0.03976
4.20055 4.40965 -5.67729 8.82206  0.54373  -0.00115  0.00258 -0.01838  0.03976
4.17801 4.44485 -5.59276 8.78266  0.54373  -0.00124  0.00260 -0.01873  0.04047
4.17801 4.44485 -5.59276 8.78266  0.54373  -0.00124  0.00260 -0.01873  0.04047
4.15580 4.47991 -5.51210 8.74431  0.54373  -0.00133  0.00262 -0.01910  0.04121
4.15580 4.47991 -5.51210 8.74431  0.54373  -0.00133  0.00262 -0.01910  0.04121
4.13391 4.51481 -5.43517 8.70709  0.54373  -0.00142  0.00264 -0.01948  0.04197
4.13391 4.51481 -5.43517 8.70709  0.54373  -0.00142  0.00264 -0.01948  0.04197
4.11232 4.54957 -5.36186 8.67107  0.54373  -0.00152  0.00268 -0.01987  0.04277
4.11232 4.54957 -5.36186 8.67107  0.54373  -0.00152  0.00268 -0.01987  0.04277
4.09101 4.58418 -5.29203 8.63632  0.54373  -0.00162  0.00272 -0.02027  0.04359
4.09101 4.58418 -5.29203 8.63632  0.54373  -0.00162  0.00272 -0.02027  0.04359
4.06997 4.61866 -5.22558 8.60292  0.54373  -0.00172  0.00277 -0.02069  0.04445
4.06997 4.61866 -5.22558 8.60292  0.54373  -0.00172  0.00277 -0.02069  0.04445
4.04920 4.65301 -5.16239 8.57096  0.54373  -0.00183  0.00282 -0.02112  0.04533
4.04920 4.65301 -5.16239 8.57096  0.54373  -0.00183  0.00282 -0.02112  0.04533
4.02867 4.68723 -5.10238 8.54053  0.54373  -0.00193  0.00289 -0.02157  0.04625
4.02867 4.68723 -5.10238 8.54053  0.54373  -0.00193  0.00289 -0.02157  0.04625
4.00838 4.72133 -5.04545 8.51173  0.54373  -0.00205  0.00297 -0.02204  0.04721
4.00838 4.72133 -5.04545 8.51173  0.54373  -0.00205  0.00297 -0.02204  0.04721
3.98830 4.75532 -4.99153 8.48466  0.54373  -0.00217  0.00305 -0.02252  0.04820
3.98830 4.75532 -4.99153 8.48466  0.54373  -0.00217  0.00305 -0.02252  0.04820
3.96844 4.78921 -4.94056 8.45942  0.54373  -0.00229  0.00315 -0.02301  0.04922
3.96844 4.78921 -4.94056 8.45942  0.54373  -0.00229  0.00315 -0.02301  0.04922
3.94878 4.82300 -4.89246 8.43613  0.54373  -0.00242  0.00326 -0.02353  0.05029
3.94878 4.82300 -4.89246 8.43613  0.54373  -0.00242  0.00326 -0.02353  0.05029
3.92930 4.85670 -4.84721 8.41492  0.54373  -0.00255  0.00338 -0.02406  0.05139
3.92930 4.85670 -4.84721 8.41492  0.54373  -0.00255  0.00338 -0.02406  0.05139
3.90999 4.89033 -4.80476 8.39591  0.54373  -0.00269  0.00352 -0.02461  0.05253
3.90999 4.89033 -4.80476 8.39591  0.54373  -0.00269  0.00352 -0.02461  0.05253
3.89086 4.92387 -4.76509 8.37925  0.54373  -0.00284  0.00367 -0.02517  0.05371
3.89086 4.92387 -4.76509 8.37925  0.54373  -0.00284  0.00367 -0.02517  0.05371
3.87187 4.95736 -4.72817 8.36509  0.54373  -0.00299  0.00383 -0.02576  0.05493
3.87187 4.95736 -4.72817 8.36509  0.54373  -0.00299  0.00383 -0.02576  0.05493
3.85303 4.99080 -4.69401 8.35358  0.54373  -0.00315  0.00402 -0.02637  0.05619
3.85303 4.99080 -4.69401 8.35358  0.54373  -0.00315  0.00402 -0.02637  0.05619
3.83431 5.02420 -4.66260 8.34490  0.54373  -0.00332  0.00422 -0.02699  0.05750
3.83431 5.02420 -4.66260 8.34490  0.54373  -0.00332  0.00422 -0.02699  0.05750
3.81572 5.05756 -4.63397 8.33923  0.54373  -0.00350  0.00443 -0.02764  0.05884
3.81572 5.05756 -4.63397 8.33923  0.54373  -0.00350  0.00443 -0.02764  0.05884
3.79724 5.09091 -4.60813 8.33676  0.54373  -0.00369  0.00467 -0.02831  0.06024
3.79724 5.09091 -4.60813 8.33676  0.54373  -0.00369  0.00467 -0.02831  0.06024
3.77885 5.12426 -4.58512 8.33770  0.54373  -0.00388  0.00493 -0.02899  0.06168
3.77885 5.12426 -4.58512 8.33770  0.54373  -0.00388  0.00493 -0.02899  0.06168
3.76055 5.15762 -4.56499 8.34227  0.54373  -0.00409  0.00520 -0.02970  0.06316
3.76055 5.15762 -4.56499 8.34227  0.54373  -0.00409  0.00520 -0.02970  0.06316
3.74233 5.19100 -4.54779 8.35071  0.54373  -0.00431  0.00550 -0.03044  0.06469
3.74233 5.19100 -4.54779 8.35071  0.54373  -0.00431  0.00550 -0.03044  0.06469
3.72417 5.22443 -4.53359 8.36325  0.54373  -0.00454  0.00582 -0.03119  0.06627
3.72417 5.22443 -4.53359 8.36325  0.54373  -0.00454  0.00582 -0.03119  0.06627
3.70606 5.25792 -4.52246 8.38017  0.54373  -0.00478  0.00616 -0.03197  0.06789
3.70606 5.25792 -4.52246 8.38017  0.54373  -0.00478  0.00616 -0.03197  0.06789
3.68798 5.29148 -4.51450 8.40173  0.54373  -0.00504  0.00652 -0.03276  0.06957
3.68798 5.29148 -4.51450 8.40173  0.54373  -0.00504  0.00652 -0.03276  0.06957
3.66994 5.32514 -4.50980 8.42823  0.54373  -0.00532  0.00690 -0.03358  0.07128
3.66994 5.32514 -4.50980 8.42823  0.54373  -0.00532  0.00690 -0.03358  0.07128
3.65190 5.35891 -4.50846 8.45997  0.54373  -0.00560  0.00730 -0.03443  0.07305
3.65190 5.35891 -4.50846 8.45997  0.54373  -0.00560  0.00730 -0.03443  0.07305
3.63386 5.39282 -4.51061 8.49727  0.54373  -0.00591  0.00772 -0.03529  0.07486
3.63386 5.39282 -4.51061 8.49727  0.54373  -0.00591  0.00772 -0.03529  0.07486
3.61581 5.42690 -4.51636 8.54045  0.54373  -0.00624  0.00814 -0.03617  0.07671
3.61581 5.42690 -4.51636 8.54045  0.54373  -0.00624  0.00814 -0.03617  0.07671
3.59773 5.46116 -4.52585 8.58986  0.54373  -0.00659  0.00857 -0.03708  0.07860
3.59773 5.46116 -4.52585 8.58986  0.54373  -0.00659  0.00857 -0.03708  0.07860
3.57960 5.49562 -4.53921 8.64585  0.54373  -0.00696  0.00900 -0.03800  0.08053
3.57960 5.49562 -4.53921 8.64585  0.54373  -0.00696  0.00900 -0.03800  0.08053
3.56141 5.53033 -4.55659 8.70875  0.54373  -0.00734  0.00941 -0.03894  0.08249
3.56141 5.53033 -4.55659 8.70875  0.54373  -0.00734  0.00941 -0.03894  0.08249
3.54314 5.56530 -4.57813 8.77893  0.54373  -0.00772  0.00976 -0.03990  0.08449
3.54314 5.56530 -4.57813 8.77893  0.54373  -0.00772  0.00976 -0.03990  0.08449
3.52478 5.60057 -4.60397 8.85672  0.54373  -0.00804  0.00997 -0.04086  0.08647
3.52478 5.60057 -4.60397 8.85672  0.54373  -0.00804  0.00997 -0.04086  0.08647
3.50630 5.63617 -4.63426 8.94247  0.54373  -0.00810  0.00983 -0.04171  0.08823
3.50630 5.63617 -4.63426 8.94247  0.54373  -0.00810  0.00983 -0.04171  0.08823
3.48770 5.67212 -4.66911 9.03648  0.54373  -0.00743  0.00878 -0.04170  0.08810
3.48770 5.67212 -4.66911 9.03648  0.54373  -0.00743  0.00878 -0.04170  0.08810
3.46894 5.70847 -4.70866 9.13904  0.54373  -0.00490  0.00562 -0.03569  0.07521
3.46894 5.70847 -4.70866 9.13904  0.54373  -0.00490  0.00562 -0.03569  0.07521
3.45002 5.74525 -4.75299 9.25038  0.54373  -0.35745  0.39044 -2.54180  5.35289
3.45002 5.74525 -4.75299 9.25038  0.54373  -0.35745  0.39044 -2.54180  5.35289
3.44049 5.76381 -4.77697 9.30940  0.54373  0.00000 0.00000 0.00000 0.00000
