0.00000 3.14159 0.00000 0.00000 
0.00007 3.14143 0.06754 -0.15670 
0.00027 3.14096 0.13506 -0.31341 
0.00061 3.14018 0.20252 -0.47012 
0.00108 3.13908 0.26991 -0.62683 
0.00169 3.13767 0.33719 -0.78355 
0.00243 3.13595 0.40434 -0.94027 
0.00330 3.13391 0.47134 -1.09700 
0.00431 3.13156 0.53815 -1.25375 
0.00546 3.12890 0.60476 -1.41051 
0.00673 3.12592 0.67115 -1.56729 
0.00814 3.12263 0.73728 -1.72409 
0.00968 3.11902 0.80313 -1.88091 
0.01135 3.11510 0.86868 -2.03777 
0.01316 3.11087 0.93392 -2.19466 
0.01509 3.10632 0.99881 -2.35160 
0.01715 3.10146 1.06334 -2.50859 
0.01934 3.09629 1.12749 -2.66563 
0.02166 3.09080 1.19123 -2.82275 
0.02411 3.08500 1.25457 -2.97994 
0.02668 3.07888 1.31746 -3.13721 
0.02938 3.07245 1.37992 -3.29459 
0.03220 3.06570 1.44191 -3.45208 
0.03514 3.05864 1.50343 -3.60970 
0.03821 3.05126 1.56447 -3.76746 
0.04140 3.04357 1.62501 -3.92538 
0.04471 3.03556 1.68507 -4.08347 
0.04814 3.02724 1.74462 -4.24176 
0.05169 3.01860 1.80367 -4.40027 
0.05536 3.00964 1.86223 -4.55902 
0.05914 3.00036 1.92028 -4.71804 
0.06304 2.99076 1.97785 -4.87734 
0.06705 2.98085 2.03494 -5.03696 
0.07118 2.97062 2.09155 -5.19693 
0.07542 2.96006 2.14772 -5.35728 
0.07977 2.94919 2.20344 -5.51803 
0.08423 2.93799 2.25876 -5.67924 
0.08880 2.92647 2.31369 -5.84093 
0.09348 2.91463 2.36826 -6.00314 
0.09827 2.90246 2.42250 -6.16593 
0.10317 2.88996 2.47646 -6.32932 
0.10818 2.87714 2.53017 -6.49338 
0.11329 2.86399 2.58368 -6.65814 
0.11851 2.85051 2.63704 -6.82366 
0.12384 2.83669 2.69030 -6.99001 
0.12928 2.82255 2.74352 -7.15723 
0.13470 2.80834 2.67634 -7.04952 
0.13998 2.79435 2.60839 -6.94180 
0.14513 2.78057 2.53969 -6.83405 
0.15014 2.76701 2.47025 -6.72625 
0.15501 2.75367 2.40011 -6.61839 
0.15974 2.74054 2.32927 -6.51046 
0.16433 2.72762 2.25777 -6.40244 
0.16877 2.71493 2.18561 -6.29431 
0.17307 2.70245 2.11283 -6.18607 
0.17722 2.69018 2.03943 -6.07771 
0.18123 2.67814 1.96545 -5.96922 
0.18508 2.66631 1.89089 -5.86059 
0.18879 2.65469 1.81577 -5.75181 
0.19234 2.64330 1.74011 -5.64288 
0.19575 2.63212 1.66393 -5.53380 
0.19900 2.62116 1.58725 -5.42457 
0.20210 2.61042 1.51007 -5.31517 
0.20504 2.59990 1.43242 -5.20562 
0.20783 2.58960 1.35431 -5.09591 
0.21046 2.57952 1.27575 -4.98604 
0.21293 2.56966 1.19676 -4.87602 
0.21524 2.56002 1.11736 -4.76585 
0.21740 2.55060 1.03755 -4.65554 
0.21939 2.54139 0.95734 -4.54508 
0.22123 2.53241 0.87676 -4.43450 
0.22290 2.52366 0.79582 -4.32379 
0.22441 2.51512 0.71452 -4.21297 
0.22576 2.50680 0.63287 -4.10204 
0.22694 2.49871 0.55090 -3.99102 
0.22796 2.49084 0.46861 -3.87991 
0.22882 2.48319 0.38601 -3.76874 
0.22951 2.47577 0.30312 -3.65750 
0.23003 2.46856 0.21995 -3.54623 
0.23038 2.46158 0.13650 -3.43492 
0.23057 2.45482 0.05279 -3.32361 
0.23060 2.44829 -0.03117 -3.21230 
0.23045 2.44197 -0.11537 -3.10101 
0.23013 2.43588 -0.19980 -2.98976 
0.22965 2.43001 -0.28444 -2.87857 
0.22900 2.42437 -0.36929 -2.76745 
0.22817 2.41894 -0.45434 -2.65644 
0.22718 2.41374 -0.53957 -2.54554 
0.22601 2.40876 -0.62497 -2.43478 
0.22468 2.40400 -0.71054 -2.32418 
0.22317 2.39947 -0.79625 -2.21377 
0.22149 2.39515 -0.88211 -2.10356 
0.21964 2.39105 -0.96809 -1.99357 
0.21762 2.38717 -1.05420 -1.88384 
0.21543 2.38352 -1.14040 -1.77439 
0.21306 2.38008 -1.22671 -1.66523 
0.21052 2.37685 -1.31309 -1.55640 
0.20781 2.37385 -1.39955 -1.44791 
0.20492 2.37106 -1.48607 -1.33980 
0.20186 2.36849 -1.57263 -1.23209 
0.19863 2.36613 -1.65923 -1.12480 
0.19523 2.36399 -1.74586 -1.01795 
0.19165 2.36206 -1.83250 -0.91158 
0.18790 2.36034 -1.91914 -0.80571 
0.18397 2.35884 -2.00578 -0.70036 
0.17987 2.35754 -2.09239 -0.59556 
0.17560 2.35646 -2.17896 -0.49133 
0.17116 2.35558 -2.26549 -0.38771 
0.16654 2.35490 -2.35196 -0.28470 
0.16175 2.35444 -2.43836 -0.18235 
0.15679 2.35417 -2.52467 -0.08067 
0.15165 2.35411 -2.61090 0.02032 
0.14634 2.35426 -2.69701 0.12059 
0.14086 2.35460 -2.78300 0.22011 
0.13521 2.35514 -2.86887 0.31886 
0.12939 2.35587 -2.95459 0.41683 
0.12339 2.35680 -3.04015 0.51398 
0.11723 2.35793 -3.12554 0.61030 
0.11089 2.35924 -3.21075 0.70576 
0.10438 2.36075 -3.29577 0.80035 
0.09771 2.36244 -3.38057 0.89404 
0.09086 2.36432 -3.46516 0.98681 
0.08385 2.36639 -3.54952 1.07865 
0.07666 2.36864 -3.63363 1.16954 
0.06931 2.37107 -3.71748 1.25945 
0.06179 2.37368 -3.80107 1.34837 
0.05411 2.37646 -3.88436 1.43629 
0.04626 2.37942 -3.96736 1.52319 
0.03824 2.38255 -4.05005 1.60906 
0.03006 2.38586 -4.13242 1.69387 
0.02171 2.38933 -4.21444 1.77762 
0.01320 2.39297 -4.29612 1.86029 
0.00453 2.39677 -4.37743 1.94188 
6.27888 2.40073 -4.45836 2.02237 
6.26988 2.40486 -4.53890 2.10175 
6.26072 2.40914 -4.61903 2.18001 
6.25140 2.41358 -4.69873 2.25714 
6.24193 2.41817 -4.77800 2.33315 
6.23229 2.42291 -4.85682 2.40801 
6.22250 2.42780 -4.93518 2.48172 
6.21255 2.43283 -5.01305 2.55429 
6.20245 2.43801 -5.09043 2.62570 
6.19219 2.44334 -5.16729 2.69595 
6.18178 2.44880 -5.24362 2.76504 
6.17121 2.45440 -5.31941 2.83298 
6.16050 2.46013 -5.39464 2.89975 
6.14964 2.46599 -5.46929 2.96536 
6.13862 2.47199 -5.54334 3.02982 
6.12743 2.47818 -5.64555 3.15702 
6.11604 2.48462 -5.74736 3.28287 
6.10445 2.49131 -5.84875 3.40736 
6.09265 2.49824 -5.94969 3.53050 
6.08065 2.50543 -6.05016 3.65227 
6.06845 2.51285 -6.15013 3.77269 
6.05605 2.52052 -6.24957 3.89175 
6.04345 2.52842 -6.34845 4.00947 
6.03065 2.53655 -6.44675 4.12585 
6.01766 2.54492 -6.54443 4.24091 
6.00448 2.55352 -6.64147 4.35466 
5.99110 2.56234 -6.73782 4.46710 
5.97753 2.57138 -6.83346 4.57827 
5.96376 2.58065 -6.92835 4.68818 
5.94981 2.59014 -7.02245 4.79684 
5.93567 2.59984 -7.11573 4.90430 
5.92135 2.60975 -7.20815 5.01056 
5.90684 2.61988 -7.29967 5.11566 
5.89215 2.63021 -7.39023 5.21963 
5.87728 2.64076 -7.47981 5.32251 
5.86223 2.65150 -7.56836 5.42432 
5.84701 2.66245 -7.65582 5.52510 
5.83161 2.67360 -7.74215 5.62489 
5.81604 2.68495 -7.82730 5.72374 
5.80030 2.69650 -7.91121 5.82167 
5.78440 2.70824 -7.99384 5.91875 
5.76833 2.72017 -8.07513 6.01501 
5.75210 2.73230 -8.15501 6.11050 
5.73571 2.74461 -8.23343 6.20527 
5.71916 2.75712 -8.31034 6.29938 
5.70247 2.76981 -8.38566 6.39287 
5.68562 2.78269 -8.45933 6.48580 
5.66863 2.79575 -8.53130 6.57822 
5.65150 2.80900 -8.60148 6.67020 
5.63423 2.82243 -8.66983 6.76178 
5.61682 2.83605 -8.73626 6.85304 
5.59928 2.84985 -8.80071 6.94402 
5.58162 2.86383 -8.86312 7.03479 
5.56383 2.87799 -8.92341 7.12540 
5.54593 2.89233 -8.98151 7.21593 
5.52791 2.90685 -9.03736 7.30643 
5.50978 2.92155 -9.09090 7.39697 
5.49155 2.93644 -9.14205 7.48760 
5.47321 2.95150 -9.19076 7.57840 
5.45479 2.96675 -9.23695 7.66941 
5.43627 2.98218 -9.28058 7.76070 
5.41766 2.99779 -9.32159 7.85234 
5.39898 3.01359 -9.35993 7.94438 
5.38023 3.02957 -9.39555 8.03688 
5.36140 3.04574 -9.42840 8.12990 
5.34251 3.06209 -9.45846 8.22350 
5.32357 3.07863 -9.48570 8.31772 
5.30457 3.09536 -9.51008 8.41264 
5.28553 3.11228 -9.53160 8.50829 
5.26645 3.12940 -9.55024 8.60473 
5.24733 3.14670 -9.56601 8.70201 
5.22819 3.16421 -9.57892 8.80018 
5.20902 3.18190 -9.58898 8.89928 
5.18983 3.19980 -9.59623 8.99936 
5.17064 3.21790 -9.60071 9.10046 
5.15143 3.23621 -9.60246 9.20263 
5.13223 3.25471 -9.60156 9.30591 
5.11303 3.27343 -9.59807 9.41033 
5.09384 3.29236 -9.59208 9.51594 
5.07466 3.31149 -9.58369 9.62277 
5.05550 3.33085 -9.57301 9.73087 
5.03637 3.35042 -9.56016 9.84027 
5.01726 3.37021 -9.54528 9.95101 
4.99819 3.39022 -9.52849 10.06314 
4.97915 3.41046 -9.50997 10.17669 
4.96022 3.43078 -9.42521 10.14246 
4.94145 3.45103 -9.33915 10.10904 
4.92286 3.47122 -9.25197 10.07638 
4.90444 3.49134 -9.16387 10.04443 
4.88621 3.51140 -9.07503 10.01315 
4.86814 3.53139 -8.98561 9.98248 
4.85026 3.55133 -8.89578 9.95238 
4.83256 3.57120 -8.80571 9.92281 
4.81504 3.59102 -8.71554 9.89374 
4.79770 3.61078 -8.62543 9.86512 
4.78054 3.63048 -8.53549 9.83692 
4.76356 3.65013 -8.44586 9.80910 
4.74676 3.66972 -8.35665 9.78165 
4.73013 3.68925 -8.26798 9.75452 
4.71368 3.70874 -8.17995 9.72769 
4.69741 3.72816 -8.09264 9.70114 
4.68131 3.74754 -8.00614 9.67486 
4.66539 3.76686 -7.92053 9.64881 
4.64963 3.78614 -7.83587 9.62299 
4.63404 3.80536 -7.75223 9.59737 
4.61862 3.82452 -7.66967 9.57195 
4.60336 3.84364 -7.58823 9.54671 
4.58827 3.86271 -7.50795 9.52164 
4.57333 3.88173 -7.42887 9.49674 
4.55855 3.90070 -7.35103 9.47199 
4.54392 3.91962 -7.27443 9.44739 
4.52945 3.93849 -7.19912 9.42294 
4.51513 3.95731 -7.12510 9.39864 
4.50095 3.97608 -7.05239 9.37447 
4.48692 3.99481 -6.98099 9.35044 
4.47302 4.01349 -6.91092 9.32655 
4.45927 4.03211 -6.84216 9.30280 
4.44566 4.05070 -6.77473 9.27918 
4.43217 4.06923 -6.70861 9.25571 
4.41882 4.08772 -6.64381 9.23237 
4.40560 4.10616 -6.58031 9.20918 
4.39250 4.12456 -6.51811 9.18614 
4.37952 4.14291 -6.45719 9.16326 
4.36667 4.16121 -6.39754 9.14052 
4.35393 4.17947 -6.33915 9.11795 
4.34131 4.19768 -6.28200 9.09554 
4.32880 4.21585 -6.22608 9.07330 
4.31641 4.23397 -6.17136 9.05124 
4.30412 4.25206 -6.11784 9.02935 
4.29193 4.27009 -6.06549 9.00766 
4.27985 4.28809 -6.01430 8.98616 
4.26788 4.30604 -5.96424 8.96485 
4.25600 4.32395 -5.91530 8.94376 
4.24421 4.34181 -5.86746 8.92288 
4.23253 4.35964 -5.82070 8.90221 
4.22093 4.37742 -5.77500 8.88178 
4.20942 4.39516 -5.73034 8.86158 
4.19801 4.41287 -5.68671 8.84163 
4.18668 4.43053 -5.64408 8.82192 
4.17543 4.44816 -5.60244 8.80248 
4.16427 4.46574 -5.56178 8.78330 
4.15318 4.48329 -5.52206 8.76440 
4.14218 4.50080 -5.48328 8.74579 
4.13125 4.51827 -5.44543 8.72746 
4.12040 4.53571 -5.40847 8.70945 
4.10961 4.55311 -5.37241 8.69174 
4.09891 4.57048 -5.33721 8.67436 
4.08827 4.58781 -5.30288 8.65731 
4.07769 4.60511 -5.26939 8.64060 
4.06719 4.62237 -5.23674 8.62425 
4.05675 4.63960 -5.20490 8.60826 
4.04637 4.65680 -5.17387 8.59265 
4.03605 4.67397 -5.14363 8.57742 
4.02579 4.69111 -5.11418 8.56259 
4.01559 4.70822 -5.08550 8.54818 
4.00545 4.72531 -5.05759 8.53419 
3.99536 4.74236 -5.03043 8.52064 
3.98533 4.75939 -5.00402 8.50754 
3.97535 4.77639 -4.97835 8.49490 
3.96541 4.79337 -4.95340 8.48275 
3.95553 4.81032 -4.92918 8.47109 
3.94570 4.82725 -4.90568 8.45993 
3.93591 4.84416 -4.88289 8.44931 
3.92616 4.86105 -4.86081 8.43922 
3.91646 4.87792 -4.83944 8.42970 
3.90681 4.89477 -4.81876 8.42075 
3.89719 4.91160 -4.79878 8.41239 
3.88761 4.92842 -4.77950 8.40465 
3.87807 4.94522 -4.76091 8.39754 
3.86857 4.96201 -4.74301 8.39109 
3.85910 4.97879 -4.72580 8.38530 
3.84966 4.99555 -4.70929 8.38021 
3.84026 5.01231 -4.69347 8.37584 
3.83089 5.02906 -4.67835 8.37221 
3.82155 5.04580 -4.66392 8.36934 
3.81223 5.06253 -4.65020 8.36726 
3.80294 5.07927 -4.63718 8.36599 
3.79368 5.09600 -4.62486 8.36556 
3.78445 5.11273 -4.61327 8.36599 
3.77523 5.12946 -4.60239 8.36732 
3.76603 5.14620 -4.59223 8.36957 
3.75686 5.16294 -4.58281 8.37277 
3.74770 5.17969 -4.57413 8.37694 
3.73856 5.19645 -4.56620 8.38213 
3.72944 5.21322 -4.55903 8.38837 
3.72033 5.23001 -4.55262 8.39568 
3.71123 5.24681 -4.54699 8.40410 
3.70214 5.26362 -4.54215 8.41367 
3.69306 5.28046 -4.53811 8.42442 
3.68398 5.29732 -4.53488 8.43638 
3.67492 5.31421 -4.53248 8.44960 
3.66585 5.33112 -4.53092 8.46412 
3.65679 5.34806 -4.53021 8.47997 
3.64773 5.36504 -4.53036 8.49719 
3.63867 5.38205 -4.53140 8.51582 
3.62961 5.39911 -4.53334 8.53591 
3.62054 5.41620 -4.53619 8.55750 
3.61146 5.43334 -4.53997 8.58063 
3.60238 5.45052 -4.54470 8.60534 
3.59328 5.46776 -4.55040 8.63168 
3.58417 5.48505 -4.55707 8.65969 
3.57505 5.50240 -4.56475 8.68942 
3.56591 5.51981 -4.57345 8.72091 
3.55676 5.53728 -4.58319 8.75421 
3.54758 5.55483 -4.59398 8.78935 
3.53838 5.57244 -4.60585 8.82640 
3.52916 5.59013 -4.61881 8.86538 
3.51991 5.60791 -4.63288 8.90634 
3.51063 5.62576 -4.64808 8.94932 
3.50131 5.64370 -4.66442 8.99437 
3.49197 5.66174 -4.68193 9.04152 
3.48258 5.67987 -4.70060 9.09080 
3.47316 5.69810 -4.72047 9.14225 
3.46370 5.71644 -4.74154 9.19591 
3.45420 5.73489 -4.76383 9.25181 
3.44465 5.75345 -4.78519 9.30550 
3.43505 5.77212 -4.80993 9.36591 
3.42590 5.78989 -4.34343 8.40599 
3.41768 5.80573 -3.86824 7.42790 
3.41039 5.81967 -3.42332 6.51253 
3.40392 5.83192 -3.04688 5.73917 
3.39814 5.84275 -2.72963 5.08854 
3.39295 5.85239 -2.46310 4.54300 
3.38825 5.86102 -2.23966 4.08677 
3.38396 5.86881 -2.05262 3.70595 
3.38001 5.87590 -1.89618 3.38850 
3.37635 5.88242 -1.76535 3.12404 
3.37292 5.88844 -1.65586 2.90376 
3.36970 5.89407 -1.56411 2.72020 
3.36665 5.89936 -1.48708 2.56706 
3.36374 5.90436 -1.42223 2.43908 
3.36095 5.90913 -1.36743 2.33186 
3.35827 5.91371 -1.32092 2.24175 
3.35566 5.91811 -1.28123 2.16571 
3.35314 5.92238 -1.24715 2.10122 
3.35067 5.92653 -1.21768 2.04620 
3.34826 5.93057 -1.19199 1.99895 
3.34590 5.93453 -1.16939 1.95804 
3.34358 5.93841 -1.14933 1.92231 
3.34130 5.94222 -1.13135 1.89082 
3.33905 5.94598 -1.11507 1.86277 
3.33684 5.94968 -1.10017 1.83753 
3.33465 5.95333 -1.08641 1.81457 
3.33249 5.95694 -1.07358 1.79347 
3.33036 5.96050 -1.06150 1.77387 
3.32825 5.96403 -1.05005 1.75548 
3.32616 5.96753 -1.03910 1.73809 
3.32409 5.97099 -1.02857 1.72149 
3.32204 5.97441 -1.01838 1.70553 
3.32002 5.97781 -1.00847 1.69010 
3.31801 5.98117 -0.99880 1.67508 
3.31602 5.98451 -0.98932 1.66041 
3.31405 5.98782 -0.98001 1.64601 
3.31210 5.99109 -0.97083 1.63183 
3.31017 5.99434 -0.96176 1.61783 
3.30825 5.99756 -0.95280 1.60399 
3.30636 6.00076 -0.94393 1.59026 
3.30448 6.00393 -0.93513 1.57664 
3.30262 6.00707 -0.92640 1.56311 
3.30077 6.01018 -0.91774 1.54965 
3.29894 6.01326 -0.90914 1.53625 
3.29713 6.01632 -0.90059 1.52292 
3.29534 6.01936 -0.89209 1.50963 
3.29357 6.02236 -0.88364 1.49640 
3.29181 6.02534 -0.87524 1.48322 
3.29007 6.02829 -0.86689 1.47008 
3.28834 6.03122 -0.85859 1.45699 
3.28663 6.03412 -0.85033 1.44394 
3.28494 6.03700 -0.84213 1.43095 
3.28326 6.03985 -0.83396 1.41800 
3.28160 6.04267 -0.82585 1.40510 
3.27996 6.04547 -0.81778 1.39225 
3.27833 6.04824 -0.80977 1.37945 
3.27672 6.05098 -0.80180 1.36671 
3.27512 6.05370 -0.79388 1.35402 
3.27354 6.05640 -0.78601 1.34138 
3.27198 6.05907 -0.77819 1.32881 
3.27043 6.06171 -0.77042 1.31630 
3.26890 6.06434 -0.76271 1.30384 
3.26738 6.06693 -0.75504 1.29145 
3.26588 6.06950 -0.74743 1.27913 
3.26439 6.07205 -0.73987 1.26687 
3.26292 6.07457 -0.73236 1.25468 
3.26146 6.07707 -0.72490 1.24255 
3.26002 6.07954 -0.71750 1.23050 
3.25859 6.08199 -0.71016 1.21851 
3.25718 6.08441 -0.70286 1.20660 
3.25578 6.08681 -0.69562 1.19476 
3.25440 6.08919 -0.68844 1.18300 
3.25303 6.09155 -0.68131 1.17131 
3.25167 6.09388 -0.67424 1.15970 
3.25033 6.09618 -0.66722 1.14816 
3.24900 6.09847 -0.66026 1.13670 
3.24769 6.10073 -0.65335 1.12532 
3.24639 6.10297 -0.64650 1.11402 
3.24510 6.10519 -0.63971 1.10279 
3.24383 6.10738 -0.63297 1.09165 
3.24257 6.10955 -0.62628 1.08059 
3.24133 6.11170 -0.61965 1.06960 
3.24009 6.11383 -0.61308 1.05870 
3.23887 6.11594 -0.60656 1.04788 
3.23767 6.11802 -0.60010 1.03714 
3.23647 6.12009 -0.59370 1.02648 
3.23529 6.12213 -0.58735 1.01591 
3.23412 6.12415 -0.58105 1.00541 
3.23297 6.12615 -0.57481 0.99500 
3.23182 6.12813 -0.56863 0.98467 
3.23069 6.13009 -0.56250 0.97443 
3.22957 6.13203 -0.55642 0.96427 
3.22847 6.13395 -0.55040 0.95418 
3.22737 6.13585 -0.54443 0.94419 
3.22629 6.13772 -0.53852 0.93427 
3.22522 6.13958 -0.53266 0.92444 
3.22416 6.14142 -0.52686 0.91469 
3.22311 6.14324 -0.52110 0.90502 
3.22207 6.14504 -0.51541 0.89543 
3.22105 6.14682 -0.50976 0.88593 
3.22004 6.14858 -0.50417 0.87651 
3.21903 6.15033 -0.49863 0.86717 
3.21804 6.15205 -0.49314 0.85791 
3.21706 6.15376 -0.48771 0.84873 
3.21609 6.15545 -0.48232 0.83963 
3.21513 6.15712 -0.47699 0.83061 
3.21418 6.15877 -0.47171 0.82167 
3.21324 6.16041 -0.46647 0.81282 
3.21232 6.16202 -0.46129 0.80404 
3.21140 6.16362 -0.45616 0.79534 
3.21049 6.16520 -0.45108 0.78672 
3.20959 6.16677 -0.44605 0.77818 
3.20871 6.16832 -0.44107 0.76971 
3.20783 6.16985 -0.43613 0.76133 
3.20696 6.17136 -0.43125 0.75302 
3.20611 6.17286 -0.42641 0.74479 
3.20526 6.17434 -0.42162 0.73663 
3.20442 6.17581 -0.41688 0.72855 
3.20359 6.17725 -0.41219 0.72055 
3.20277 6.17869 -0.40754 0.71262 
3.20196 6.18011 -0.40294 0.70477 
3.20116 6.18151 -0.39838 0.69699 
3.20037 6.18289 -0.39387 0.68928 
3.19958 6.18426 -0.38941 0.68165 
3.19881 6.18562 -0.38499 0.67409 
3.19804 6.18696 -0.38061 0.66660 
3.19729 6.18829 -0.37628 0.65919 
3.19654 6.18960 -0.37200 0.65184 
3.19580 6.19089 -0.36775 0.64457 
3.19507 6.19218 -0.36355 0.63737 
3.19434 6.19344 -0.35940 0.63023 
3.19363 6.19470 -0.35528 0.62317 
3.19292 6.19594 -0.35121 0.61618 
3.19222 6.19716 -0.34718 0.60925 
3.19153 6.19837 -0.34319 0.60239 
3.19085 6.19957 -0.33925 0.59560 
3.19018 6.20076 -0.33534 0.58888 
3.18951 6.20193 -0.33147 0.58222 
3.18885 6.20308 -0.32765 0.57563 
3.18820 6.20423 -0.32386 0.56910 
3.18756 6.20536 -0.32011 0.56264 
3.18692 6.20648 -0.31641 0.55625 
3.18629 6.20759 -0.31274 0.54991 
3.18567 6.20868 -0.30911 0.54364 
3.18505 6.20976 -0.30551 0.53744 
3.18445 6.21083 -0.30196 0.53129 
3.18385 6.21189 -0.29844 0.52521 
3.18325 6.21293 -0.29496 0.51919 
3.18267 6.21396 -0.29152 0.51323 
3.18209 6.21498 -0.28811 0.50732 
3.18151 6.21599 -0.28474 0.50148 
3.18095 6.21699 -0.28140 0.49570 
3.18039 6.21797 -0.27810 0.48998 
3.17983 6.21895 -0.27483 0.48431 
3.17929 6.21991 -0.27160 0.47871 
3.17875 6.22086 -0.26840 0.47316 
3.17821 6.22180 -0.26524 0.46766 
3.17769 6.22273 -0.26211 0.46223 
3.17717 6.22365 -0.25902 0.45685 
3.17665 6.22456 -0.25595 0.45152 
3.17614 6.22546 -0.25292 0.44625 
3.17564 6.22635 -0.24992 0.44103 
3.17514 6.22722 -0.24696 0.43587 
3.17465 6.22809 -0.24403 0.43076 
3.17417 6.22895 -0.24112 0.42570 
3.17369 6.22979 -0.23825 0.42070 
3.17321 6.23063 -0.23541 0.41575 
3.17275 6.23146 -0.23260 0.41085 
3.17228 6.23227 -0.22982 0.40600 
3.17183 6.23308 -0.22707 0.40120 
3.17137 6.23388 -0.22435 0.39645 
3.17093 6.23467 -0.22166 0.39175 
3.17049 6.23544 -0.21900 0.38709 
3.17005 6.23621 -0.21637 0.38249 
3.16962 6.23697 -0.21377 0.37794 
3.16920 6.23773 -0.21119 0.37343 
3.16878 6.23847 -0.20864 0.36897 
3.16836 6.23920 -0.20612 0.36456 
3.16795 6.23993 -0.20363 0.36019 
3.16755 6.24064 -0.20117 0.35587 
3.16715 6.24135 -0.19873 0.35160 
3.16675 6.24205 -0.19632 0.34737 
3.16636 6.24274 -0.19393 0.34319 
3.16598 6.24342 -0.19157 0.33904 
3.16560 6.24410 -0.18924 0.33495 
3.16522 6.24476 -0.18693 0.33090 
3.16485 6.24542 -0.18465 0.32688 
3.16448 6.24607 -0.18239 0.32292 
3.16412 6.24671 -0.18016 0.31899 
3.16376 6.24734 -0.17795 0.31511 
3.16341 6.24797 -0.17577 0.31127 
3.16306 6.24859 -0.17361 0.30746 
3.16271 6.24920 -0.17147 0.30370 
3.16237 6.24980 -0.16936 0.29998 
3.16204 6.25040 -0.16727 0.29630 
3.16170 6.25099 -0.16520 0.29266 
3.16138 6.25157 -0.16316 0.28906 
3.16105 6.25215 -0.16114 0.28549 
3.16073 6.25271 -0.15914 0.28197 
3.16041 6.25327 -0.15717 0.27848 
3.16010 6.25383 -0.15521 0.27503 
3.15979 6.25437 -0.15328 0.27162 
3.15949 6.25491 -0.15137 0.26824 
3.15919 6.25545 -0.14948 0.26490 
3.15889 6.25597 -0.14761 0.26160 
3.15860 6.25649 -0.14576 0.25833 
3.15831 6.25701 -0.14394 0.25510 
3.15802 6.25751 -0.14213 0.25190 
3.15774 6.25801 -0.14034 0.24874 
3.15746 6.25851 -0.13858 0.24561 
3.15719 6.25900 -0.13683 0.24251 
3.15691 6.25948 -0.13510 0.23945 
3.15664 6.25995 -0.13339 0.23643 
3.15638 6.26042 -0.13171 0.23343 
3.15612 6.26089 -0.13004 0.23047 
3.15586 6.26135 -0.12838 0.22754 
3.15560 6.26180 -0.12675 0.22464 
3.15535 6.26224 -0.12514 0.22177 
3.15510 6.26269 -0.12354 0.21894 
3.15486 6.26312 -0.12196 0.21614 
3.15462 6.26355 -0.12040 0.21336 
3.15438 6.26397 -0.11886 0.21062 
3.15414 6.26439 -0.11733 0.20791 
3.15391 6.26481 -0.11583 0.20522 
3.15368 6.26521 -0.11433 0.20257 
3.15345 6.26562 -0.11286 0.19995 
3.15323 6.26601 -0.11140 0.19735 
3.15300 6.26641 -0.10996 0.19478 
3.15279 6.26679 -0.10854 0.19225 
3.15257 6.26717 -0.10713 0.18974 
3.15236 6.26755 -0.10574 0.18725 
3.15215 6.26792 -0.10436 0.18480 
3.15194 6.26829 -0.10300 0.18237 
3.15174 6.26865 -0.10165 0.17997 
3.15153 6.26901 -0.10032 0.17760 
3.15133 6.26936 -0.09901 0.17525 
3.15114 6.26971 -0.09771 0.17293 
3.15094 6.27005 -0.09642 0.17063 
3.15075 6.27039 -0.09515 0.16836 
3.15056 6.27073 -0.09390 0.16611 
3.15038 6.27106 -0.09265 0.16389 
3.15019 6.27138 -0.09143 0.16170 
3.15001 6.27171 -0.09021 0.15953 
3.14983 6.27202 -0.08901 0.15738 
3.14965 6.27233 -0.08783 0.15526 
3.14948 6.27264 -0.08666 0.15316 
3.14931 6.27295 -0.08550 0.15109 
3.14914 6.27325 -0.08435 0.14903 
3.14897 6.27354 -0.08322 0.14701 
3.14880 6.27384 -0.08210 0.14500 
3.14864 6.27412 -0.08100 0.14302 
3.14848 6.27441 -0.07990 0.14106 
3.14832 6.27469 -0.07882 0.13912 
3.14817 6.27496 -0.07775 0.13720 
3.14801 6.27524 -0.07670 0.13530 
3.14786 6.27551 -0.07565 0.13343 
3.14771 6.27577 -0.07462 0.13158 
3.14756 6.27603 -0.07360 0.12975 
3.14741 6.27629 -0.07260 0.12794 
3.14727 6.27654 -0.07160 0.12615 
3.14713 6.27679 -0.07062 0.12438 
3.14699 6.27704 -0.06964 0.12263 
3.14685 6.27728 -0.06868 0.12090 
3.14671 6.27752 -0.06773 0.11919 
3.14658 6.27776 -0.06679 0.11750 
3.14645 6.27799 -0.06586 0.11583 
3.14631 6.27822 -0.06495 0.11417 
3.14619 6.27845 -0.06404 0.11254 
3.14606 6.27867 -0.06314 0.11093 
3.14593 6.27889 -0.06226 0.10933 
3.14581 6.27911 -0.06138 0.10775 
3.14569 6.27933 -0.06052 0.10619 
3.14557 6.27954 -0.05966 0.10465 
3.14545 6.27974 -0.05882 0.10313 
3.14533 6.27995 -0.05799 0.10162 
3.14522 6.28015 -0.05716 0.10014 
3.14510 6.28035 -0.05635 0.09866 
3.14499 6.28055 -0.05554 0.09721 
3.14488 6.28074 -0.05474 0.09577 
3.14477 6.28093 -0.05396 0.09435 
3.14467 6.28112 -0.05318 0.09295 
3.14456 6.28130 -0.05241 0.09156 
3.14446 6.28148 -0.05165 0.09019 
3.14435 6.28166 -0.05090 0.08883 
3.14425 6.28184 -0.05016 0.08749 
3.14415 6.28201 -0.04943 0.08617 
3.14405 6.28218 -0.04871 0.08486 
3.14396 6.28235 -0.04799 0.08357 
3.14386 6.28252 -0.04729 0.08229 
3.14377 6.28268 -0.04659 0.08103 
3.14368 6.28284 -0.04590 0.07978 
3.14359 6.28300 -0.04522 0.07854 
3.14350 6.28315 -0.04455 0.07732 
3.14341 0.00012 -0.04388 0.07612 
3.14332 0.00027 -0.04323 0.07493 
3.14323 0.00042 -0.04258 0.07375 
3.14315 0.00057 -0.04194 0.07259 
3.14307 0.00071 -0.04130 0.07144 
3.14298 0.00085 -0.04068 0.07031 
3.14290 0.00099 -0.04006 0.06919 
3.14282 0.00113 -0.03945 0.06808 
3.14275 0.00127 -0.03885 0.06698 
3.14267 0.00140 -0.03825 0.06590 
3.14259 0.00153 -0.03766 0.06483 
3.14252 0.00166 -0.03708 0.06378 
3.14244 0.00179 -0.03650 0.06273 
3.14237 0.00191 -0.03594 0.06170 
3.14230 0.00203 -0.03538 0.06068 
3.14223 0.00215 -0.03482 0.05968 
3.14216 0.00227 -0.03428 0.05868 
3.14209 0.00239 -0.03374 0.05770 
3.14203 0.00250 -0.03320 0.05673 
3.14196 0.00261 -0.03268 0.05577 
3.14190 0.00272 -0.03216 0.05482 
3.14183 0.00283 -0.03164 0.05389 
3.14177 0.00294 -0.03113 0.05296 
3.14171 0.00305 -0.03063 0.05205 
3.14165 0.00315 -0.03014 0.05115 
3.14159 0.00325 -0.02965 0.05026 
3.14153 0.00335 -0.02916 0.04938 
3.14147 0.00345 -0.02869 0.04851 
3.14141 0.00354 -0.02822 0.04765 
3.14136 0.00364 -0.02775 0.04680 
3.14130 0.00373 -0.02729 0.04597 
3.14125 0.00382 -0.02684 0.04514 
3.14119 0.00391 -0.02639 0.04432 
3.14114 0.00400 -0.02595 0.04352 
3.14109 0.00409 -0.02551 0.04272 
3.14104 0.00417 -0.02508 0.04193 
3.14099 0.00425 -0.02465 0.04115 
3.14094 0.00433 -0.02423 0.04039 
3.14089 0.00441 -0.02381 0.03963 
3.14085 0.00449 -0.02340 0.03888 
3.14080 0.00457 -0.02300 0.03814 
3.14075 0.00465 -0.02260 0.03741 
3.14071 0.00472 -0.02220 0.03669 
3.14067 0.00479 -0.02181 0.03598 
3.14062 0.00486 -0.02143 0.03527 
3.14058 0.00493 -0.02105 0.03458 
3.14054 0.00500 -0.02067 0.03390 
3.14050 0.00507 -0.02030 0.03322 
3.14046 0.00514 -0.01994 0.03255 
3.14042 0.00520 -0.01957 0.03189 
3.14038 0.00526 -0.01922 0.03124 
3.14034 0.00532 -0.01887 0.03060 
3.14030 0.00538 -0.01852 0.02996 
3.14027 0.00544 -0.01818 0.02934 
3.14023 0.00550 -0.01784 0.02872 
3.14020 0.00556 -0.01750 0.02811 
3.14016 0.00561 -0.01717 0.02750 
3.14013 0.00567 -0.01685 0.02691 
3.14009 0.00572 -0.01653 0.02632 
3.14006 0.00577 -0.01621 0.02574 
3.14003 0.00583 -0.01590 0.02517 
3.14000 0.00588 -0.01559 0.02460 
3.13997 0.00592 -0.01528 0.02405 
3.13994 0.00597 -0.01498 0.02350 
3.13991 0.00602 -0.01468 0.02295 
3.13988 0.00606 -0.01439 0.02242 
3.13985 0.00611 -0.01410 0.02189 
3.13982 0.00615 -0.01381 0.02136 
3.13979 0.00619 -0.01353 0.02085 
3.13977 0.00623 -0.01325 0.02034 
3.13974 0.00627 -0.01298 0.01984 
3.13971 0.00631 -0.01271 0.01934 
3.13969 0.00635 -0.01244 0.01886 
3.13966 0.00639 -0.01218 0.01837 
3.13964 0.00643 -0.01192 0.01790 
3.13962 0.00646 -0.01166 0.01743 
3.13959 0.00649 -0.01141 0.01697 
3.13957 0.00653 -0.01116 0.01651 
3.13955 0.00656 -0.01091 0.01606 
3.13953 0.00659 -0.01067 0.01561 
3.13951 0.00662 -0.01043 0.01517 
3.13949 0.00665 -0.01019 0.01474 
3.13947 0.00668 -0.00996 0.01431 
3.13945 0.00671 -0.00973 0.01389 
3.13943 0.00674 -0.00950 0.01348 
3.13941 0.00676 -0.00928 0.01307 
3.13939 0.00679 -0.00906 0.01266 
3.13937 0.00682 -0.00884 0.01227 
3.13935 0.00684 -0.00862 0.01187 
3.13934 0.00686 -0.00841 0.01148 
3.13932 0.00689 -0.00820 0.01110 
3.13930 0.00691 -0.00799 0.01073 
3.13929 0.00693 -0.00779 0.01035 
3.13927 0.00695 -0.00759 0.00999 
3.13926 0.00697 -0.00739 0.00963 
3.13924 0.00699 -0.00720 0.00927 
3.13923 0.00701 -0.00700 0.00892 
3.13922 0.00702 -0.00681 0.00857 
3.13920 0.00704 -0.00663 0.00823 
3.13919 0.00706 -0.00644 0.00789 
3.13918 0.00707 -0.00626 0.00756 
3.13916 0.00709 -0.00608 0.00723 
3.13915 0.00710 -0.00590 0.00691 
3.13914 0.00711 -0.00573 0.00659 
3.13913 0.00713 -0.00556 0.00628 
3.13912 0.00714 -0.00539 0.00597 
3.13911 0.00715 -0.00522 0.00567 
3.13910 0.00716 -0.00506 0.00537 
3.13909 0.00717 -0.00489 0.00507 
3.13908 0.00718 -0.00473 0.00478 
3.13907 0.00719 -0.00458 0.00449 
3.13906 0.00720 -0.00442 0.00421 
3.13905 0.00721 -0.00427 0.00393 
3.13904 0.00722 -0.00412 0.00365 
3.13903 0.00722 -0.00397 0.00338 
3.13903 0.00723 -0.00382 0.00312 
3.13902 0.00723 -0.00368 0.00285 
3.13901 0.00724 -0.00354 0.00260 
3.13901 0.00725 -0.00340 0.00234 
3.13900 0.00725 -0.00326 0.00209 
3.13899 0.00725 -0.00312 0.00184 
3.13899 0.00726 -0.00299 0.00160 
3.13898 0.00726 -0.00285 0.00136 
3.13897 0.00726 -0.00272 0.00112 
3.13897 0.00726 -0.00260 0.00089 
3.13896 0.00727 -0.00247 0.00066 
3.13896 0.00727 -0.00235 0.00044 
3.13896 0.00727 -0.00222 0.00021 
3.13895 0.00727 -0.00210 -0.00000 
3.13895 0.00727 -0.00198 -0.00022 
3.13894 0.00727 -0.00187 -0.00043 
3.13894 0.00727 -0.00175 -0.00064 
3.13894 0.00726 -0.00164 -0.00085 
3.13893 0.00726 -0.00153 -0.00105 
3.13893 0.00726 -0.00142 -0.00125 
3.13893 0.00726 -0.00131 -0.00144 
3.13892 0.00725 -0.00120 -0.00163 
3.13892 0.00725 -0.00110 -0.00182 
3.13892 0.00725 -0.00099 -0.00201 
3.13892 0.00724 -0.00089 -0.00219 
3.13892 0.00724 -0.00079 -0.00237 
3.13891 0.00723 -0.00069 -0.00255 
3.13891 0.00723 -0.00059 -0.00273 
3.13891 0.00722 -0.00050 -0.00290 
3.13891 0.00722 -0.00041 -0.00307 
3.13891 0.00721 -0.00031 -0.00323 
3.13891 0.00720 -0.00022 -0.00339 
3.13891 0.00720 -0.00013 -0.00355 
3.13891 0.00719 -0.00004 -0.00371 
3.13891 0.00718 0.00004 -0.00387 
3.13891 0.00717 0.00013 -0.00402 
3.13891 0.00717 0.00021 -0.00417 
3.13891 0.00716 0.00029 -0.00432 
3.13891 0.00715 0.00038 -0.00446 
3.13891 0.00714 0.00045 -0.00460 
3.13891 0.00713 0.00053 -0.00474 
3.13891 0.00712 0.00061 -0.00488 
3.13892 0.00711 0.00069 -0.00502 
3.13892 0.00710 0.00076 -0.00515 
3.13892 0.00709 0.00083 -0.00528 
3.13892 0.00708 0.00091 -0.00541 
3.13892 0.00707 0.00098 -0.00553 
3.13892 0.00706 0.00105 -0.00565 
3.13893 0.00705 0.00112 -0.00577 
3.13893 0.00703 0.00118 -0.00589 
3.13893 0.00702 0.00125 -0.00601 
3.13893 0.00701 0.00131 -0.00612 
3.13894 0.00700 0.00138 -0.00624 
3.13894 0.00699 0.00144 -0.00635 
3.13894 0.00697 0.00150 -0.00645 
3.13895 0.00696 0.00156 -0.00656 
3.13895 0.00695 0.00162 -0.00666 
3.13895 0.00693 0.00168 -0.00677 
3.13896 0.00692 0.00174 -0.00687 
3.13896 0.00691 0.00179 -0.00696 
3.13896 0.00689 0.00185 -0.00706 
3.13897 0.00688 0.00190 -0.00715 
3.13897 0.00686 0.00195 -0.00725 
3.13897 0.00685 0.00201 -0.00734 
3.13898 0.00683 0.00206 -0.00742 
3.13898 0.00682 0.00211 -0.00751 
3.13899 0.00680 0.00216 -0.00760 
3.13899 0.00679 0.00221 -0.00768 
3.13900 0.00677 0.00225 -0.00776 
3.13900 0.00676 0.00230 -0.00784 
3.13900 0.00674 0.00235 -0.00792 
3.13901 0.00673 0.00239 -0.00799 
3.13901 0.00671 0.00243 -0.00807 
3.13902 0.00669 0.00248 -0.00814 
3.13902 0.00668 0.00252 -0.00821 
3.13903 0.00666 0.00256 -0.00828 
3.13903 0.00664 0.00260 -0.00835 
3.13904 0.00663 0.00264 -0.00842 
3.13904 0.00661 0.00268 -0.00848 
3.13905 0.00659 0.00272 -0.00854 
3.13906 0.00658 0.00275 -0.00861 
3.13906 0.00656 0.00279 -0.00867 
3.13907 0.00654 0.00283 -0.00873 
3.13907 0.00652 0.00286 -0.00878 
3.13908 0.00651 0.00289 -0.00884 
3.13908 0.00649 0.00293 -0.00890 
3.13909 0.00647 0.00296 -0.00895 
3.13910 0.00645 0.00299 -0.00900 
3.13910 0.00643 0.00302 -0.00905 
3.13911 0.00642 0.00305 -0.00910 
3.13911 0.00640 0.00308 -0.00915 
3.13912 0.00638 0.00311 -0.00920 
3.13913 0.00636 0.00314 -0.00924 
3.13913 0.00634 0.00317 -0.00929 
3.13914 0.00632 0.00320 -0.00933 
3.13915 0.00631 0.00322 -0.00937 
3.13915 0.00629 0.00325 -0.00941 
3.13916 0.00627 0.00327 -0.00945 
3.13917 0.00625 0.00330 -0.00949 
3.13917 0.00623 0.00332 -0.00953 
3.13918 0.00621 0.00335 -0.00956 
3.13919 0.00619 0.00337 -0.00960 
3.13919 0.00617 0.00339 -0.00963 
3.13920 0.00615 0.00341 -0.00966 
3.13921 0.00613 0.00343 -0.00969 
3.13921 0.00611 0.00345 -0.00972 
3.13922 0.00609 0.00347 -0.00975 
3.13923 0.00608 0.00349 -0.00978 
3.13923 0.00606 0.00351 -0.00981 
3.13924 0.00604 0.00353 -0.00984 
3.13925 0.00602 0.00355 -0.00986 
3.13925 0.00600 0.00357 -0.00989 
3.13926 0.00598 0.00358 -0.00991 
3.13927 0.00596 0.00360 -0.00993 
3.13928 0.00594 0.00361 -0.00995 
3.13928 0.00592 0.00363 -0.00997 
3.13929 0.00590 0.00364 -0.00999 
3.13930 0.00588 0.00366 -0.01001 
3.13931 0.00586 0.00367 -0.01003 
3.13931 0.00584 0.00369 -0.01005 
3.13932 0.00582 0.00370 -0.01006 
3.13933 0.00580 0.00371 -0.01008 
3.13934 0.00578 0.00372 -0.01009 
3.13934 0.00576 0.00373 -0.01011 
3.13935 0.00574 0.00375 -0.01012 
3.13936 0.00572 0.00376 -0.01013 
3.13937 0.00570 0.00377 -0.01014 
3.13937 0.00568 0.00378 -0.01015 
3.13938 0.00565 0.00379 -0.01016 
3.13939 0.00563 0.00380 -0.01017 
3.13940 0.00561 0.00380 -0.01018 
3.13940 0.00559 0.00381 -0.01019 
3.13941 0.00557 0.00382 -0.01020 
3.13942 0.00555 0.00383 -0.01020 
3.13943 0.00553 0.00384 -0.01021 
3.13943 0.00551 0.00384 -0.01021 
3.13944 0.00549 0.00385 -0.01022 
3.13945 0.00547 0.00385 -0.01022 
3.13946 0.00545 0.00386 -0.01022 
3.13946 0.00543 0.00387 -0.01022 
3.13947 0.00541 0.00387 -0.01022 
3.13948 0.00539 0.00388 -0.01023 
3.13949 0.00537 0.00388 -0.01023 
3.13950 0.00535 0.00388 -0.01023 
3.13950 0.00533 0.00389 -0.01022 
3.13951 0.00531 0.00389 -0.01022 
3.13952 0.00529 0.00390 -0.01022 
3.13953 0.00527 0.00390 -0.01022 
3.13953 0.00525 0.00390 -0.01021 
3.13954 0.00523 0.00390 -0.01021 
3.13955 0.00521 0.00391 -0.01021 
3.13956 0.00519 0.00391 -0.01020 
3.13957 0.00516 0.00391 -0.01020 
3.13957 0.00514 0.00391 -0.01019 
3.13958 0.00512 0.00391 -0.01018 
3.13959 0.00510 0.00391 -0.01018 
3.13960 0.00508 0.00391 -0.01017 
3.13960 0.00506 0.00391 -0.01016 
3.13961 0.00504 0.00391 -0.01015 
3.13962 0.00502 0.00391 -0.01014 
3.13963 0.00500 0.00391 -0.01013 
3.13964 0.00498 0.00391 -0.01012 
3.13964 0.00496 0.00391 -0.01011 
3.13965 0.00494 0.00391 -0.01010 
3.13966 0.00492 0.00391 -0.01009 
3.13967 0.00490 0.00390 -0.01008 
3.13968 0.00488 0.00390 -0.01007 
3.13968 0.00486 0.00390 -0.01005 
3.13969 0.00484 0.00390 -0.01004 
3.13970 0.00482 0.00389 -0.01003 
3.13971 0.00480 0.00389 -0.01002 
3.13971 0.00478 0.00389 -0.01000 
3.13972 0.00476 0.00389 -0.00999 
3.13973 0.00474 0.00388 -0.00997 
3.13974 0.00472 0.00388 -0.00996 
3.13975 0.00470 0.00387 -0.00994 
3.13975 0.00468 0.00387 -0.00993 
3.13976 0.00466 0.00387 -0.00991 
3.13977 0.00464 0.00386 -0.00989 
3.13978 0.00462 0.00386 -0.00988 
3.13978 0.00460 0.00385 -0.00986 
3.13979 0.00458 0.00385 -0.00984 
3.13980 0.00456 0.00384 -0.00982 
3.13981 0.00454 0.00384 -0.00981 
3.13981 0.00452 0.00383 -0.00979 
3.13982 0.00450 0.00383 -0.00977 
3.13983 0.00448 0.00382 -0.00975 
3.13984 0.00446 0.00382 -0.00973 
3.13984 0.00445 0.00381 -0.00971 
3.13985 0.00443 0.00380 -0.00969 
3.13986 0.00441 0.00380 -0.00967 
3.13987 0.00439 0.00379 -0.00965 
3.13988 0.00437 0.00378 -0.00963 
3.13988 0.00435 0.00378 -0.00961 
3.13989 0.00433 0.00377 -0.00959 
3.13990 0.00431 0.00376 -0.00957 
3.13991 0.00429 0.00376 -0.00955 
3.13991 0.00427 0.00375 -0.00952 
3.13992 0.00425 0.00374 -0.00950 
3.13993 0.00423 0.00373 -0.00948 
3.13994 0.00422 0.00373 -0.00946 
3.13994 0.00420 0.00372 -0.00943 
3.13995 0.00418 0.00371 -0.00941 
3.13996 0.00416 0.00370 -0.00939 
3.13997 0.00414 0.00370 -0.00937 
3.13997 0.00412 0.00369 -0.00934 
3.13998 0.00410 0.00368 -0.00932 
3.13999 0.00408 0.00367 -0.00929 
3.13999 0.00407 0.00366 -0.00927 
3.14000 0.00405 0.00365 -0.00925 
3.14001 0.00403 0.00364 -0.00922 
3.14002 0.00401 0.00364 -0.00920 
3.14002 0.00399 0.00363 -0.00917 
3.14003 0.00397 0.00362 -0.00915 
3.14004 0.00396 0.00361 -0.00912 
3.14005 0.00394 0.00360 -0.00910 
3.14005 0.00392 0.00359 -0.00907 
3.14006 0.00390 0.00358 -0.00905 
3.14007 0.00388 0.00357 -0.00902 
3.14007 0.00386 0.00356 -0.00900 
3.14008 0.00385 0.00355 -0.00897 
3.14009 0.00383 0.00354 -0.00894 
3.14010 0.00381 0.00353 -0.00892 
3.14010 0.00379 0.00352 -0.00889 
3.14011 0.00378 0.00352 -0.00887 
3.14012 0.00376 0.00351 -0.00884 
3.14012 0.00374 0.00350 -0.00881 
3.14013 0.00372 0.00349 -0.00879 
3.14014 0.00370 0.00348 -0.00876 
3.14014 0.00369 0.00347 -0.00873 
3.14015 0.00367 0.00346 -0.00870 
3.14016 0.00365 0.00345 -0.00868 
3.14017 0.00364 0.00343 -0.00865 
3.14017 0.00362 0.00342 -0.00862 
3.14018 0.00360 0.00341 -0.00860 
3.14019 0.00358 0.00340 -0.00857 
3.14019 0.00357 0.00339 -0.00854 
3.14020 0.00355 0.00338 -0.00851 
3.14021 0.00353 0.00337 -0.00849 
3.14021 0.00352 0.00336 -0.00846 
3.14022 0.00350 0.00335 -0.00843 
3.14023 0.00348 0.00334 -0.00840 
3.14023 0.00346 0.00333 -0.00837 
3.14024 0.00345 0.00332 -0.00835 
3.14025 0.00343 0.00331 -0.00832 
3.14025 0.00341 0.00330 -0.00829 
3.14026 0.00340 0.00329 -0.00826 
3.14027 0.00338 0.00328 -0.00823 
3.14027 0.00337 0.00326 -0.00821 
3.14028 0.00335 0.00325 -0.00818 
3.14029 0.00333 0.00324 -0.00815 
3.14029 0.00332 0.00323 -0.00812 
3.14030 0.00330 0.00322 -0.00809 
3.14030 0.00328 0.00321 -0.00806 
3.14031 0.00327 0.00320 -0.00804 
3.14032 0.00325 0.00319 -0.00801 
3.14032 0.00324 0.00318 -0.00798 
3.14033 0.00322 0.00317 -0.00795 
3.14034 0.00320 0.00315 -0.00792 
3.14034 0.00319 0.00314 -0.00789 
3.14035 0.00317 0.00313 -0.00786 
3.14036 0.00316 0.00312 -0.00783 
3.14036 0.00314 0.00311 -0.00781 
3.14037 0.00313 0.00310 -0.00778 
3.14037 0.00311 0.00309 -0.00775 
3.14038 0.00309 0.00308 -0.00772 
3.14039 0.00308 0.00306 -0.00769 
3.14039 0.00306 0.00305 -0.00766 
3.14040 0.00305 0.00304 -0.00763 
3.14040 0.00303 0.00303 -0.00760 
3.14041 0.00302 0.00302 -0.00758 
3.14042 0.00300 0.00301 -0.00755 
3.14042 0.00299 0.00300 -0.00752 
3.14043 0.00297 0.00298 -0.00749 
3.14043 0.00296 0.00297 -0.00746 
3.14044 0.00294 0.00296 -0.00743 
3.14045 0.00293 0.00295 -0.00740 
3.14045 0.00291 0.00294 -0.00737 
3.14046 0.00290 0.00293 -0.00735 
3.14046 0.00288 0.00292 -0.00732 
3.14047 0.00287 0.00290 -0.00729 
3.14048 0.00285 0.00289 -0.00726 
3.14048 0.00284 0.00288 -0.00723 
3.14049 0.00283 0.00287 -0.00720 
3.14049 0.00281 0.00286 -0.00717 
3.14050 0.00280 0.00285 -0.00715 
3.14050 0.00278 0.00284 -0.00712 
3.14051 0.00277 0.00282 -0.00709 
3.14052 0.00275 0.00281 -0.00706 
3.14052 0.00274 0.00280 -0.00703 
3.14053 0.00273 0.00279 -0.00700 
3.14053 0.00271 0.00278 -0.00697 
3.14054 0.00270 0.00277 -0.00695 
3.14054 0.00268 0.00276 -0.00692 
3.14055 0.00267 0.00274 -0.00689 
3.14055 0.00266 0.00273 -0.00686 
3.14056 0.00264 0.00272 -0.00683 
3.14057 0.00263 0.00271 -0.00680 
3.14057 0.00262 0.00270 -0.00678 
3.14058 0.00260 0.00269 -0.00675 
3.14058 0.00259 0.00268 -0.00672 
3.14059 0.00258 0.00267 -0.00669 
3.14059 0.00256 0.00265 -0.00666 
3.14060 0.00255 0.00264 -0.00664 
3.14060 0.00254 0.00263 -0.00661 
3.14061 0.00252 0.00262 -0.00658 
3.14061 0.00251 0.00261 -0.00655 
3.14062 0.00250 0.00260 -0.00652 
3.14062 0.00248 0.00259 -0.00650 
3.14063 0.00247 0.00258 -0.00647 
3.14063 0.00246 0.00256 -0.00644 
3.14064 0.00244 0.00255 -0.00641 
3.14064 0.00243 0.00254 -0.00638 
3.14065 0.00242 0.00253 -0.00636 
3.14065 0.00241 0.00252 -0.00633 
3.14066 0.00239 0.00251 -0.00630 
3.14066 0.00238 0.00250 -0.00628 
3.14067 0.00237 0.00249 -0.00625 
3.14067 0.00236 0.00248 -0.00622 
3.14068 0.00234 0.00247 -0.00619 
3.14068 0.00233 0.00245 -0.00617 
3.14069 0.00232 0.00244 -0.00614 
3.14069 0.00231 0.00243 -0.00611 
3.14070 0.00229 0.00242 -0.00608 
3.14070 0.00228 0.00241 -0.00606 
3.14071 0.00227 0.00240 -0.00603 
3.14071 0.00226 0.00239 -0.00600 
3.14072 0.00225 0.00238 -0.00598 
3.14072 0.00223 0.00237 -0.00595 
3.14073 0.00222 0.00236 -0.00592 
3.14073 0.00221 0.00235 -0.00590 
3.14074 0.00220 0.00234 -0.00587 
3.14074 0.00219 0.00232 -0.00584 
3.14075 0.00218 0.00231 -0.00582 
3.14075 0.00216 0.00230 -0.00579 
3.14076 0.00215 0.00229 -0.00577 
3.14076 0.00214 0.00228 -0.00574 
3.14076 0.00213 0.00227 -0.00571 
3.14077 0.00212 0.00226 -0.00569 
3.14077 0.00211 0.00225 -0.00566 
3.14078 0.00210 0.00224 -0.00564 
3.14078 0.00208 0.00223 -0.00561 
3.14079 0.00207 0.00222 -0.00558 
3.14079 0.00206 0.00221 -0.00556 
3.14080 0.00205 0.00220 -0.00553 
3.14080 0.00204 0.00219 -0.00551 
3.14080 0.00203 0.00218 -0.00548 
3.14081 0.00202 0.00217 -0.00546 
3.14081 0.00201 0.00216 -0.00543 
3.14082 0.00200 0.00215 -0.00541 
3.14082 0.00199 0.00214 -0.00538 
3.14083 0.00197 0.00213 -0.00536 
3.14083 0.00196 0.00212 -0.00533 
3.14083 0.00195 0.00211 -0.00531 
3.14084 0.00194 0.00210 -0.00528 
3.14084 0.00193 0.00209 -0.00526 
3.14085 0.00192 0.00208 -0.00523 
3.14085 0.00191 0.00207 -0.00521 
3.14086 0.00190 0.00206 -0.00518 
3.14086 0.00189 0.00205 -0.00516 
3.14086 0.00188 0.00204 -0.00513 
3.14087 0.00187 0.00203 -0.00511 
3.14087 0.00186 0.00202 -0.00508 
3.14088 0.00185 0.00201 -0.00506 
3.14088 0.00184 0.00200 -0.00504 
3.14088 0.00183 0.00199 -0.00501 
3.14089 0.00182 0.00198 -0.00499 
3.14089 0.00181 0.00197 -0.00496 
3.14090 0.00180 0.00196 -0.00494 
3.14090 0.00179 0.00195 -0.00492 
3.14090 0.00178 0.00194 -0.00489 
3.14091 0.00177 0.00193 -0.00487 
3.14091 0.00176 0.00192 -0.00485 
3.14091 0.00175 0.00191 -0.00482 
3.14092 0.00174 0.00190 -0.00480 
3.14092 0.00173 0.00189 -0.00478 
3.14093 0.00172 0.00188 -0.00475 
3.14093 0.00171 0.00187 -0.00473 
3.14093 0.00170 0.00186 -0.00471 
3.14094 0.00169 0.00185 -0.00468 
3.14094 0.00168 0.00185 -0.00466 
3.14094 0.00168 0.00184 -0.00464 
3.14095 0.00167 0.00183 -0.00461 
3.14095 0.00166 0.00182 -0.00459 
3.14096 0.00165 0.00181 -0.00457 
3.14096 0.00164 0.00180 -0.00455 
3.14096 0.00163 0.00179 -0.00452 
3.14097 0.00162 0.00178 -0.00450 
3.14097 0.00161 0.00177 -0.00448 
3.14097 0.00160 0.00176 -0.00446 
3.14098 0.00159 0.00175 -0.00444 
3.14098 0.00158 0.00175 -0.00441 
3.14098 0.00158 0.00174 -0.00439 
3.14099 0.00157 0.00173 -0.00437 
3.14099 0.00156 0.00172 -0.00435 
3.14099 0.00155 0.00171 -0.00433 
3.14100 0.00154 0.00170 -0.00431 
3.14100 0.00153 0.00169 -0.00428 
3.14100 0.00152 0.00168 -0.00426 
3.14101 0.00152 0.00168 -0.00424 
3.14101 0.00151 0.00167 -0.00422 
3.14101 0.00150 0.00166 -0.00420 
3.14102 0.00149 0.00165 -0.00418 
3.14102 0.00148 0.00164 -0.00416 
3.14102 0.00147 0.00163 -0.00414 
3.14103 0.00147 0.00162 -0.00411 
3.14103 0.00146 0.00162 -0.00409 
3.14103 0.00145 0.00161 -0.00407 
3.14104 0.00144 0.00160 -0.00405 
3.14104 0.00143 0.00159 -0.00403 
3.14104 0.00142 0.00158 -0.00401 
3.14105 0.00142 0.00157 -0.00399 
3.14105 0.00141 0.00157 -0.00397 
3.14105 0.00140 0.00156 -0.00395 
3.14106 0.00139 0.00155 -0.00393 
3.14106 0.00139 0.00154 -0.00391 
3.14106 0.00138 0.00153 -0.00389 
3.14107 0.00137 0.00153 -0.00387 
3.14107 0.00136 0.00152 -0.00385 
3.14107 0.00135 0.00151 -0.00383 
3.14107 0.00135 0.00150 -0.00381 
3.14108 0.00134 0.00149 -0.00379 
3.14108 0.00133 0.00149 -0.00377 
3.14108 0.00132 0.00148 -0.00375 
3.14109 0.00132 0.00147 -0.00373 
3.14109 0.00131 0.00146 -0.00371 
3.14109 0.00130 0.00145 -0.00370 
3.14110 0.00129 0.00145 -0.00368 
3.14110 0.00129 0.00144 -0.00366 
3.14110 0.00128 0.00143 -0.00364 
3.14110 0.00127 0.00142 -0.00362 
3.14111 0.00127 0.00142 -0.00360 
3.14111 0.00126 0.00141 -0.00358 
3.14111 0.00125 0.00140 -0.00356 
3.14111 0.00124 0.00139 -0.00354 
3.14112 0.00124 0.00139 -0.00353 
3.14112 0.00123 0.00138 -0.00351 
3.14112 0.00122 0.00137 -0.00349 
3.14113 0.00122 0.00136 -0.00347 
3.14113 0.00121 0.00136 -0.00345 
3.14113 0.00120 0.00135 -0.00344 
3.14113 0.00120 0.00134 -0.00342 
3.14114 0.00119 0.00134 -0.00340 
3.14114 0.00118 0.00133 -0.00338 
3.14114 0.00117 0.00132 -0.00336 
3.14114 0.00117 0.00131 -0.00335 
3.14115 0.00116 0.00131 -0.00333 
3.14115 0.00115 0.00130 -0.00331 
3.14115 0.00115 0.00129 -0.00329 
3.14116 0.00114 0.00129 -0.00328 
3.14116 0.00113 0.00128 -0.00326 
3.14116 0.00113 0.00127 -0.00324 
3.14116 0.00112 0.00126 -0.00322 
3.14117 0.00112 0.00126 -0.00321 
3.14117 0.00111 0.00125 -0.00319 
3.14117 0.00110 0.00124 -0.00317 
3.14117 0.00110 0.00124 -0.00316 
3.14118 0.00109 0.00123 -0.00314 
3.14118 0.00108 0.00122 -0.00312 
3.14118 0.00108 0.00122 -0.00311 
3.14118 0.00107 0.00121 -0.00309 
3.14118 0.00107 0.00120 -0.00307 
3.14119 0.00106 0.00120 -0.00306 
3.14119 0.00105 0.00119 -0.00304 
3.14119 0.00105 0.00118 -0.00302 
3.14119 0.00104 0.00118 -0.00301 
3.14120 0.00104 0.00117 -0.00299 
3.14120 0.00103 0.00117 -0.00298 
3.14120 0.00102 0.00116 -0.00296 
3.14120 0.00102 0.00115 -0.00294 
3.14121 0.00101 0.00115 -0.00293 
3.14121 0.00101 0.00114 -0.00291 
3.14121 0.00100 0.00113 -0.00290 
3.14121 0.00099 0.00113 -0.00288 
3.14122 0.00099 0.00112 -0.00287 
3.14122 0.00098 0.00111 -0.00285 
3.14122 0.00098 0.00111 -0.00284 
3.14122 0.00097 0.00110 -0.00282 
3.14122 0.00097 0.00110 -0.00280 
3.14123 0.00096 0.00109 -0.00279 
3.14123 0.00095 0.00108 -0.00277 
3.14123 0.00095 0.00108 -0.00276 
3.14123 0.00094 0.00107 -0.00274 
3.14123 0.00094 0.00107 -0.00273 
3.14124 0.00093 0.00106 -0.00272 
3.14124 0.00093 0.00105 -0.00270 
3.14124 0.00092 0.00105 -0.00269 
3.14124 0.00092 0.00104 -0.00267 
3.14125 0.00091 0.00104 -0.00266 
3.14125 0.00091 0.00103 -0.00264 
3.14125 0.00090 0.00103 -0.00263 
3.14125 0.00090 0.00102 -0.00261 
3.14125 0.00089 0.00101 -0.00260 
3.14126 0.00088 0.00101 -0.00258 
3.14126 0.00088 0.00100 -0.00257 
3.14126 0.00087 0.00100 -0.00256 
3.14126 0.00087 0.00099 -0.00254 
3.14126 0.00086 0.00099 -0.00253 
3.14127 0.00086 0.00098 -0.00252 
3.14127 0.00085 0.00097 -0.00250 
3.14127 0.00085 0.00097 -0.00249 
3.14127 0.00084 0.00096 -0.00247 
3.14127 0.00084 0.00096 -0.00246 
3.14128 0.00083 0.00095 -0.00245 
3.14128 0.00083 0.00095 -0.00243 
3.14128 0.00082 0.00094 -0.00242 
3.14128 0.00082 0.00094 -0.00241 
3.14128 0.00082 0.00093 -0.00239 
3.14128 0.00081 0.00093 -0.00238 
3.14129 0.00081 0.00092 -0.00237 
3.14129 0.00080 0.00092 -0.00235 
3.14129 0.00080 0.00091 -0.00234 
3.14129 0.00079 0.00091 -0.00233 
3.14129 0.00079 0.00090 -0.00232 
3.14130 0.00078 0.00089 -0.00230 
3.14130 0.00078 0.00089 -0.00229 
3.14130 0.00077 0.00088 -0.00228 
3.14130 0.00077 0.00088 -0.00226 
3.14130 0.00076 0.00087 -0.00225 
3.14130 0.00076 0.00087 -0.00224 
3.14131 0.00075 0.00086 -0.00223 
3.14131 0.00075 0.00086 -0.00221 
3.14131 0.00075 0.00085 -0.00220 
3.14131 0.00074 0.00085 -0.00219 
3.14131 0.00074 0.00085 -0.00218 
3.14131 0.00073 0.00084 -0.00217 
3.14132 0.00073 0.00084 -0.00215 
3.14132 0.00072 0.00083 -0.00214 
3.14132 0.00072 0.00083 -0.00213 
3.14132 0.00072 0.00082 -0.00212 
3.14132 0.00071 0.00082 -0.00211 
3.14132 0.00071 0.00081 -0.00209 
3.14133 0.00070 0.00081 -0.00208 
3.14133 0.00070 0.00080 -0.00207 
3.14133 0.00069 0.00080 -0.00206 
3.14133 0.00069 0.00079 -0.00205 
3.14133 0.00069 0.00079 -0.00204 
3.14133 0.00068 0.00078 -0.00202 
3.14134 0.00068 0.00078 -0.00201 
3.14134 0.00067 0.00078 -0.00200 
3.14134 0.00067 0.00077 -0.00199 
3.14134 0.00067 0.00077 -0.00198 
3.14134 0.00066 0.00076 -0.00197 
3.14134 0.00066 0.00076 -0.00196 
3.14134 0.00065 0.00075 -0.00195 
3.14135 0.00065 0.00075 -0.00194 
3.14135 0.00065 0.00074 -0.00192 
3.14135 0.00064 0.00074 -0.00191 
3.14135 0.00064 0.00074 -0.00190 
3.14135 0.00064 0.00073 -0.00189 
3.14135 0.00063 0.00073 -0.00188 
3.14136 0.00063 0.00072 -0.00187 
3.14136 0.00062 0.00072 -0.00186 
3.14136 0.00062 0.00071 -0.00185 
3.14136 0.00062 0.00071 -0.00184 
3.14136 0.00061 0.00071 -0.00183 
3.14136 0.00061 0.00070 -0.00182 
3.14136 0.00061 0.00070 -0.00181 
3.14137 0.00060 0.00069 -0.00180 
3.14137 0.00060 0.00069 -0.00179 
3.14137 0.00060 0.00069 -0.00178 
3.14137 0.00059 0.00068 -0.00177 
3.14137 0.00059 0.00068 -0.00176 
3.14137 0.00058 0.00067 -0.00175 
3.14137 0.00058 0.00067 -0.00174 
3.14137 0.00058 0.00067 -0.00173 
3.14138 0.00057 0.00066 -0.00172 
3.14138 0.00057 0.00066 -0.00171 
3.14138 0.00057 0.00065 -0.00170 
3.14138 0.00056 0.00065 -0.00169 
3.14138 0.00056 0.00065 -0.00168 
3.14138 0.00056 0.00064 -0.00167 
3.14138 0.00055 0.00064 -0.00166 
3.14139 0.00055 0.00064 -0.00165 
3.14139 0.00055 0.00063 -0.00164 
3.14139 0.00054 0.00063 -0.00163 
3.14139 0.00054 0.00062 -0.00162 
3.14139 0.00054 0.00062 -0.00161 
3.14139 0.00053 0.00062 -0.00160 
3.14139 0.00053 0.00061 -0.00159 
3.14139 0.00053 0.00061 -0.00159 
3.14139 0.00053 0.00061 -0.00158 
3.14140 0.00052 0.00060 -0.00157 
3.14140 0.00052 0.00060 -0.00156 
3.14140 0.00052 0.00060 -0.00155 
3.14140 0.00051 0.00059 -0.00154 
3.14140 0.00051 0.00059 -0.00153 
3.14140 0.00051 0.00059 -0.00152 
3.14140 0.00050 0.00058 -0.00151 
3.14140 0.00050 0.00058 -0.00151 
3.14141 0.00050 0.00058 -0.00150 
3.14141 0.00049 0.00057 -0.00149 
3.14141 0.00049 0.00057 -0.00148 
3.14141 0.00049 0.00056 -0.00147 
3.14141 0.00049 0.00056 -0.00146 
3.14141 0.00048 0.00056 -0.00145 
3.14141 0.00048 0.00055 -0.00145 
3.14141 0.00048 0.00055 -0.00144 
3.14141 0.00047 0.00055 -0.00143 
3.14142 0.00047 0.00055 -0.00142 
3.14142 0.00047 0.00054 -0.00141 
3.14142 0.00047 0.00054 -0.00140 
3.14142 0.00046 0.00054 -0.00140 
3.14142 0.00046 0.00053 -0.00139 
3.14142 0.00046 0.00053 -0.00138 
3.14142 0.00045 0.00053 -0.00137 
3.14142 0.00045 0.00052 -0.00136 
3.14142 0.00045 0.00052 -0.00136 
3.14143 0.00045 0.00052 -0.00135 
3.14143 0.00044 0.00051 -0.00134 
3.14143 0.00044 0.00051 -0.00133 
3.14143 0.00044 0.00051 -0.00133 
3.14143 0.00044 0.00050 -0.00132 
3.14143 0.00043 0.00050 -0.00131 
3.14143 0.00043 0.00050 -0.00130 
3.14143 0.00043 0.00050 -0.00129 
3.14143 0.00043 0.00049 -0.00129 
3.14143 0.00042 0.00049 -0.00128 
3.14144 0.00042 0.00049 -0.00127 
3.14144 0.00042 0.00048 -0.00126 
3.14144 0.00041 0.00048 -0.00126 
3.14144 0.00041 0.00048 -0.00125 
3.14144 0.00041 0.00048 -0.00124 
3.14144 0.00041 0.00047 -0.00124 
3.14144 0.00041 0.00047 -0.00123 
3.14144 0.00040 0.00047 -0.00122 
3.14144 0.00040 0.00046 -0.00121 
3.14144 0.00040 0.00046 -0.00121 
3.14144 0.00040 0.00046 -0.00120 
3.14145 0.00039 0.00046 -0.00119 
3.14145 0.00039 0.00045 -0.00119 
3.14145 0.00039 0.00045 -0.00118 
3.14145 0.00039 0.00045 -0.00117 
3.14145 0.00038 0.00044 -0.00117 
3.14145 0.00038 0.00044 -0.00116 
3.14145 0.00038 0.00044 -0.00115 
3.14145 0.00038 0.00044 -0.00114 
3.14145 0.00037 0.00043 -0.00114 
3.14145 0.00037 0.00043 -0.00113 
3.14145 0.00037 0.00043 -0.00112 
3.14146 0.00037 0.00043 -0.00112 
3.14146 0.00037 0.00042 -0.00111 
3.14146 0.00036 0.00042 -0.00111 
3.14146 0.00036 0.00042 -0.00110 
3.14146 0.00036 0.00042 -0.00109 
3.14146 0.00036 0.00041 -0.00109 
3.14146 0.00035 0.00041 -0.00108 
3.14146 0.00035 0.00041 -0.00107 
3.14146 0.00035 0.00041 -0.00107 
3.14146 0.00035 0.00040 -0.00106 
3.14146 0.00035 0.00040 -0.00105 
3.14146 0.00034 0.00040 -0.00105 
3.14147 0.00034 0.00040 -0.00104 
3.14147 0.00034 0.00039 -0.00104 
3.14147 0.00034 0.00039 -0.00103 
3.14147 0.00034 0.00039 -0.00102 
3.14147 0.00033 0.00039 -0.00102 
3.14147 0.00033 0.00038 -0.00101 
3.14147 0.00033 0.00038 -0.00101 
3.14147 0.00033 0.00038 -0.00100 
3.14147 0.00033 0.00038 -0.00099 
3.14147 0.00032 0.00038 -0.00099 
3.14147 0.00032 0.00037 -0.00098 
3.14147 0.00032 0.00037 -0.00098 
3.14147 0.00032 0.00037 -0.00097 
3.14148 0.00032 0.00037 -0.00096 
3.14148 0.00031 0.00036 -0.00096 
3.14148 0.00031 0.00036 -0.00095 
3.14148 0.00031 0.00036 -0.00095 
3.14148 0.00031 0.00036 -0.00094 
3.14148 0.00031 0.00036 -0.00094 
3.14148 0.00030 0.00035 -0.00093 
3.14148 0.00030 0.00035 -0.00093 
3.14148 0.00030 0.00035 -0.00092 
3.14148 0.00030 0.00035 -0.00091 
3.14148 0.00030 0.00034 -0.00091 
3.14148 0.00029 0.00034 -0.00090 
3.14148 0.00029 0.00034 -0.00090 
3.14148 0.00029 0.00034 -0.00089 
3.14148 0.00029 0.00034 -0.00089 
3.14149 0.00029 0.00033 -0.00088 
3.14149 0.00029 0.00033 -0.00088 
3.14149 0.00028 0.00033 -0.00087 
3.14149 0.00028 0.00033 -0.00087 
3.14149 0.00028 0.00033 -0.00086 
3.14149 0.00028 0.00032 -0.00086 
3.14149 0.00028 0.00032 -0.00085 
3.14149 0.00028 0.00032 -0.00085 
3.14149 0.00027 0.00032 -0.00084 
3.14149 0.00027 0.00032 -0.00084 
3.14149 0.00027 0.00031 -0.00083 
3.14149 0.00027 0.00031 -0.00083 
3.14149 0.00027 0.00031 -0.00082 
3.14149 0.00027 0.00031 -0.00082 
3.14149 0.00026 0.00031 -0.00081 
3.14150 0.00026 0.00031 -0.00081 
3.14150 0.00026 0.00030 -0.00080 
3.14150 0.00026 0.00030 -0.00080 
3.14150 0.00026 0.00030 -0.00079 
3.14150 0.00026 0.00030 -0.00079 
3.14150 0.00025 0.00030 -0.00078 
3.14150 0.00025 0.00029 -0.00078 
3.14150 0.00025 0.00029 -0.00077 
3.14150 0.00025 0.00029 -0.00077 
3.14150 0.00025 0.00029 -0.00076 
3.14150 0.00025 0.00029 -0.00076 
3.14150 0.00025 0.00029 -0.00076 
3.14150 0.00024 0.00028 -0.00075 
3.14150 0.00024 0.00028 -0.00075 
3.14150 0.00024 0.00028 -0.00074 
3.14150 0.00024 0.00028 -0.00074 
3.14150 0.00024 0.00028 -0.00073 
3.14151 0.00024 0.00028 -0.00073 
3.14151 0.00023 0.00027 -0.00072 
3.14151 0.00023 0.00027 -0.00072 
3.14151 0.00023 0.00027 -0.00072 
3.14151 0.00023 0.00027 -0.00071 
3.14151 0.00023 0.00027 -0.00071 
3.14151 0.00023 0.00027 -0.00070 
3.14151 0.00023 0.00026 -0.00070 
3.14151 0.00023 0.00026 -0.00069 
3.14151 0.00022 0.00026 -0.00069 
3.14151 0.00022 0.00026 -0.00069 
3.14151 0.00022 0.00026 -0.00068 
3.14151 0.00022 0.00026 -0.00068 
3.14151 0.00022 0.00025 -0.00067 
3.14151 0.00022 0.00025 -0.00067 
3.14151 0.00022 0.00025 -0.00067 
3.14151 0.00021 0.00025 -0.00066 
3.14151 0.00021 0.00025 -0.00066 
3.14151 0.00021 0.00025 -0.00065 
3.14151 0.00021 0.00024 -0.00065 
3.14152 0.00021 0.00024 -0.00065 
3.14152 0.00021 0.00024 -0.00064 
3.14152 0.00021 0.00024 -0.00064 
3.14152 0.00021 0.00024 -0.00063 
3.14152 0.00020 0.00024 -0.00063 
3.14152 0.00020 0.00024 -0.00063 
3.14152 0.00020 0.00023 -0.00062 
3.14152 0.00020 0.00023 -0.00062 
3.14152 0.00020 0.00023 -0.00062 
3.14152 0.00020 0.00023 -0.00061 
3.14152 0.00020 0.00023 -0.00061 
3.14152 0.00020 0.00023 -0.00060 
3.14152 0.00019 0.00023 -0.00060 
3.14152 0.00019 0.00022 -0.00060 
3.14152 0.00019 0.00022 -0.00059 
3.14152 0.00019 0.00022 -0.00059 
3.14152 0.00019 0.00022 -0.00059 
3.14152 0.00019 0.00022 -0.00058 
3.14152 0.00019 0.00022 -0.00058 
3.14152 0.00019 0.00022 -0.00058 
3.14152 0.00018 0.00021 -0.00057 
3.14153 0.00018 0.00021 -0.00057 
3.14153 0.00018 0.00021 -0.00057 
3.14153 0.00018 0.00021 -0.00056 
3.14153 0.00018 0.00021 -0.00056 
3.14153 0.00018 0.00021 -0.00056 
3.14153 0.00018 0.00021 -0.00055 
3.14153 0.00018 0.00021 -0.00055 
3.14153 0.00018 0.00020 -0.00055 
3.14153 0.00017 0.00020 -0.00054 
3.14153 0.00017 0.00020 -0.00054 
3.14153 0.00017 0.00020 -0.00054 
3.14153 0.00017 0.00020 -0.00053 
3.14153 0.00017 0.00020 -0.00053 
3.14153 0.00017 0.00020 -0.00053 
3.14153 0.00017 0.00020 -0.00052 
3.14153 0.00017 0.00019 -0.00052 
3.14153 0.00017 0.00019 -0.00052 
3.14153 0.00017 0.00019 -0.00051 
3.14153 0.00016 0.00019 -0.00051 
3.14153 0.00016 0.00019 -0.00051 
3.14153 0.00016 0.00019 -0.00050 
3.14153 0.00016 0.00019 -0.00050 
3.14153 0.00016 0.00019 -0.00050 
3.14153 0.00016 0.00019 -0.00049 
3.14153 0.00016 0.00018 -0.00049 
3.14153 0.00016 0.00018 -0.00049 
3.14154 0.00016 0.00018 -0.00049 
3.14154 0.00016 0.00018 -0.00048 
3.14154 0.00015 0.00018 -0.00048 
3.14154 0.00015 0.00018 -0.00048 
3.14154 0.00015 0.00018 -0.00047 
3.14154 0.00015 0.00018 -0.00047 
3.14154 0.00015 0.00017 -0.00047 
3.14154 0.00015 0.00017 -0.00047 
3.14154 0.00015 0.00017 -0.00046 
3.14154 0.00015 0.00017 -0.00046 
3.14154 0.00015 0.00017 -0.00046 
3.14154 0.00015 0.00017 -0.00045 
3.14154 0.00014 0.00017 -0.00045 
3.14154 0.00014 0.00017 -0.00045 
3.14154 0.00014 0.00017 -0.00045 
3.14154 0.00014 0.00017 -0.00044 
3.14154 0.00014 0.00016 -0.00044 
3.14154 0.00014 0.00016 -0.00044 
3.14154 0.00014 0.00016 -0.00044 
3.14154 0.00014 0.00016 -0.00043 
3.14154 0.00014 0.00016 -0.00043 
3.14154 0.00014 0.00016 -0.00043 
3.14154 0.00014 0.00016 -0.00042 
3.14154 0.00014 0.00016 -0.00042 
3.14154 0.00013 0.00016 -0.00042 
3.14154 0.00013 0.00016 -0.00042 
3.14154 0.00013 0.00015 -0.00041 
3.14154 0.00013 0.00015 -0.00041 
3.14154 0.00013 0.00015 -0.00041 
3.14154 0.00013 0.00015 -0.00041 
3.14155 0.00013 0.00015 -0.00040 
3.14155 0.00013 0.00015 -0.00040 
3.14155 0.00013 0.00015 -0.00040 
3.14155 0.00013 0.00015 -0.00040 
3.14155 0.00013 0.00015 -0.00039 
3.14155 0.00013 0.00015 -0.00039 
3.14155 0.00012 0.00015 -0.00039 
3.14155 0.00012 0.00014 -0.00039 
3.14155 0.00012 0.00014 -0.00038 
3.14155 0.00012 0.00014 -0.00038 
3.14155 0.00012 0.00014 -0.00038 
3.14155 0.00012 0.00014 -0.00038 
3.14155 0.00012 0.00014 -0.00038 
3.14155 0.00012 0.00014 -0.00037 
3.14155 0.00012 0.00014 -0.00037 
3.14155 0.00012 0.00014 -0.00037 
3.14155 0.00012 0.00014 -0.00037 
3.14155 0.00012 0.00014 -0.00036 
3.14155 0.00012 0.00013 -0.00036 
3.14155 0.00011 0.00013 -0.00036 
3.14155 0.00011 0.00013 -0.00036 
3.14155 0.00011 0.00013 -0.00036 
3.14155 0.00011 0.00013 -0.00035 
3.14155 0.00011 0.00013 -0.00035 
3.14155 0.00011 0.00013 -0.00035 
3.14155 0.00011 0.00013 -0.00035 
3.14155 0.00011 0.00013 -0.00034 
3.14155 0.00011 0.00013 -0.00034 
3.14155 0.00011 0.00013 -0.00034 
3.14155 0.00011 0.00013 -0.00034 
3.14155 0.00011 0.00012 -0.00034 
3.14155 0.00011 0.00012 -0.00033 
3.14155 0.00011 0.00012 -0.00033 
3.14155 0.00011 0.00012 -0.00033 
3.14155 0.00010 0.00012 -0.00033 
3.14155 0.00010 0.00012 -0.00033 
3.14155 0.00010 0.00012 -0.00032 
3.14156 0.00010 0.00012 -0.00032 
3.14156 0.00010 0.00012 -0.00032 
3.14156 0.00010 0.00012 -0.00032 
3.14156 0.00010 0.00012 -0.00032 
3.14156 0.00010 0.00012 -0.00031 
3.14156 0.00010 0.00012 -0.00031 
3.14156 0.00010 0.00011 -0.00031 
3.14156 0.00010 0.00011 -0.00031 
3.14156 0.00010 0.00011 -0.00031 
3.14156 0.00010 0.00011 -0.00030 
3.14156 0.00010 0.00011 -0.00030 
3.14156 0.00010 0.00011 -0.00030 
3.14156 0.00010 0.00011 -0.00030 
3.14156 0.00009 0.00011 -0.00030 
3.14156 0.00009 0.00011 -0.00030 
3.14156 0.00009 0.00011 -0.00029 
3.14156 0.00009 0.00011 -0.00029 
3.14156 0.00009 0.00011 -0.00029 
3.14156 0.00009 0.00011 -0.00029 
3.14156 0.00009 0.00011 -0.00029 
3.14156 0.00009 0.00011 -0.00028 
3.14156 0.00009 0.00010 -0.00028 
3.14156 0.00009 0.00010 -0.00028 
3.14156 0.00009 0.00010 -0.00028 
3.14156 0.00009 0.00010 -0.00028 
3.14156 0.00009 0.00010 -0.00028 
3.14156 0.00009 0.00010 -0.00027 
3.14156 0.00009 0.00010 -0.00027 
3.14156 0.00009 0.00010 -0.00027 
3.14156 0.00009 0.00010 -0.00027 
3.14156 0.00009 0.00010 -0.00027 
3.14156 0.00008 0.00010 -0.00027 
3.14156 0.00008 0.00010 -0.00026 
3.14156 0.00008 0.00010 -0.00026 
3.14156 0.00008 0.00010 -0.00026 
3.14156 0.00008 0.00010 -0.00026 
3.14156 0.00008 0.00010 -0.00026 
3.14156 0.00008 0.00009 -0.00026 
3.14156 0.00008 0.00009 -0.00025 
3.14156 0.00008 0.00009 -0.00025 
3.14156 0.00008 0.00009 -0.00025 
3.14156 0.00008 0.00009 -0.00025 
3.14156 0.00008 0.00009 -0.00025 
3.14156 0.00008 0.00009 -0.00025 
3.14156 0.00008 0.00009 -0.00025 
3.14156 0.00008 0.00009 -0.00024 
3.14156 0.00008 0.00009 -0.00024 
3.14156 0.00008 0.00009 -0.00024 
3.14157 0.00008 0.00009 -0.00024 
3.14157 0.00008 0.00009 -0.00024 
3.14157 0.00008 0.00009 -0.00024 
3.14157 0.00007 0.00009 -0.00023 
3.14157 0.00007 0.00009 -0.00023 
3.14157 0.00007 0.00009 -0.00023 
3.14157 0.00007 0.00008 -0.00023 
3.14157 0.00007 0.00008 -0.00023 
3.14157 0.00007 0.00008 -0.00023 
3.14157 0.00007 0.00008 -0.00023 
3.14157 0.00007 0.00008 -0.00022 
3.14157 0.00007 0.00008 -0.00022 
3.14157 0.00007 0.00008 -0.00022 
3.14157 0.00007 0.00008 -0.00022 
3.14157 0.00007 0.00008 -0.00022 
3.14157 0.00007 0.00008 -0.00022 
3.14157 0.00007 0.00008 -0.00022 
3.14157 0.00007 0.00008 -0.00022 
3.14157 0.00007 0.00008 -0.00021 
3.14157 0.00007 0.00008 -0.00021 
3.14157 0.00007 0.00008 -0.00021 
3.14157 0.00007 0.00008 -0.00021 
3.14157 0.00007 0.00008 -0.00021 
3.14157 0.00007 0.00008 -0.00021 
3.14157 0.00007 0.00008 -0.00021 
3.14157 0.00006 0.00008 -0.00020 
3.14157 0.00006 0.00007 -0.00020 
3.14157 0.00006 0.00007 -0.00020 
3.14157 0.00006 0.00007 -0.00020 
3.14157 0.00006 0.00007 -0.00020 
3.14157 0.00006 0.00007 -0.00020 
3.14157 0.00006 0.00007 -0.00020 
3.14157 0.00006 0.00007 -0.00020 
3.14157 0.00006 0.00007 -0.00019 
3.14157 0.00006 0.00007 -0.00019 
3.14157 0.00006 0.00007 -0.00019 
3.14157 0.00006 0.00007 -0.00019 
3.14157 0.00006 0.00007 -0.00019 
3.14157 0.00006 0.00007 -0.00019 
3.14157 0.00006 0.00007 -0.00019 
3.14157 0.00006 0.00007 -0.00019 
3.14157 0.00006 0.00007 -0.00019 
3.14157 0.00006 0.00007 -0.00018 
3.14157 0.00006 0.00007 -0.00018 
3.14157 0.00006 0.00007 -0.00018 
3.14157 0.00006 0.00007 -0.00018 
3.14157 0.00006 0.00007 -0.00018 
3.14157 0.00006 0.00007 -0.00018 
3.14157 0.00006 0.00007 -0.00018 
3.14157 0.00006 0.00006 -0.00018 
3.14157 0.00006 0.00006 -0.00018 
3.14157 0.00006 0.00006 -0.00017 
3.14157 0.00005 0.00006 -0.00017 
3.14157 0.00005 0.00006 -0.00017 
3.14157 0.00005 0.00006 -0.00017 
3.14157 0.00005 0.00006 -0.00017 
3.14157 0.00005 0.00006 -0.00017 
3.14157 0.00005 0.00006 -0.00017 
3.14157 0.00005 0.00006 -0.00017 
3.14157 0.00005 0.00006 -0.00017 
3.14157 0.00005 0.00006 -0.00016 
3.14157 0.00005 0.00006 -0.00016 
3.14157 0.00005 0.00006 -0.00016 
3.14157 0.00005 0.00006 -0.00016 
3.14157 0.00005 0.00006 -0.00016 
3.14157 0.00005 0.00006 -0.00016 
3.14157 0.00005 0.00006 -0.00016 
3.14157 0.00005 0.00006 -0.00016 
3.14157 0.00005 0.00006 -0.00016 
3.14157 0.00005 0.00006 -0.00016 
3.14158 0.00005 0.00006 -0.00015 
3.14158 0.00005 0.00006 -0.00015 
3.14158 0.00005 0.00006 -0.00015 
3.14158 0.00005 0.00006 -0.00015 
3.14158 0.00005 0.00006 -0.00015 
3.14158 0.00005 0.00005 -0.00015 
3.14158 0.00005 0.00005 -0.00015 
3.14158 0.00005 0.00005 -0.00015 
3.14158 0.00005 0.00005 -0.00015 
3.14158 0.00005 0.00005 -0.00015 
3.14158 0.00005 0.00005 -0.00015 
3.14158 0.00005 0.00005 -0.00014 
3.14158 0.00005 0.00005 -0.00014 
3.14158 0.00004 0.00005 -0.00014 
3.14158 0.00004 0.00005 -0.00014 
3.14158 0.00004 0.00005 -0.00014 
3.14158 0.00004 0.00005 -0.00014 
3.14158 0.00004 0.00005 -0.00014 
3.14158 0.00004 0.00005 -0.00014 
3.14158 0.00004 0.00005 -0.00014 
3.14158 0.00004 0.00005 -0.00014 
3.14158 0.00004 0.00005 -0.00014 
3.14158 0.00004 0.00005 -0.00013 
3.14158 0.00004 0.00005 -0.00013 
3.14158 0.00004 0.00005 -0.00013 
3.14158 0.00004 0.00005 -0.00013 
3.14158 0.00004 0.00005 -0.00013 
3.14158 0.00004 0.00005 -0.00013 
3.14158 0.00004 0.00005 -0.00013 
3.14158 0.00004 0.00005 -0.00013 
3.14158 0.00004 0.00005 -0.00013 
3.14158 0.00004 0.00005 -0.00013 
3.14158 0.00004 0.00005 -0.00013 
3.14158 0.00004 0.00005 -0.00013 
3.14158 0.00004 0.00005 -0.00012 
3.14158 0.00004 0.00005 -0.00012 
3.14158 0.00004 0.00004 -0.00012 
3.14158 0.00004 0.00004 -0.00012 
3.14158 0.00004 0.00004 -0.00012 
3.14158 0.00004 0.00004 -0.00012 
3.14158 0.00004 0.00004 -0.00012 
3.14158 0.00004 0.00004 -0.00012 
3.14158 0.00004 0.00004 -0.00012 
3.14158 0.00004 0.00004 -0.00012 
3.14158 0.00004 0.00004 -0.00012 
3.14158 0.00004 0.00004 -0.00012 
3.14158 0.00004 0.00004 -0.00012 
3.14158 0.00004 0.00004 -0.00012 
3.14158 0.00004 0.00004 -0.00011 
3.14158 0.00004 0.00004 -0.00011 
3.14158 0.00004 0.00004 -0.00011 
3.14158 0.00004 0.00004 -0.00011 
3.14158 0.00004 0.00004 -0.00011 
3.14158 0.00003 0.00004 -0.00011 
3.14158 0.00003 0.00004 -0.00011 
3.14158 0.00003 0.00004 -0.00011 
3.14158 0.00003 0.00004 -0.00011 
3.14158 0.00003 0.00004 -0.00011 
3.14158 0.00003 0.00004 -0.00011 
3.14158 0.00003 0.00004 -0.00011 
3.14158 0.00003 0.00004 -0.00011 
3.14158 0.00003 0.00004 -0.00011 
3.14158 0.00003 0.00004 -0.00010 
3.14158 0.00003 0.00004 -0.00010 
3.14158 0.00003 0.00004 -0.00010 
3.14158 0.00003 0.00004 -0.00010 
3.14158 0.00003 0.00004 -0.00010 
3.14158 0.00003 0.00004 -0.00010 
3.14158 0.00003 0.00004 -0.00010 
3.14158 0.00003 0.00004 -0.00010 
3.14158 0.00003 0.00004 -0.00010 
3.14158 0.00003 0.00004 -0.00010 
3.14158 0.00003 0.00004 -0.00010 
3.14158 0.00003 0.00004 -0.00010 
3.14158 0.00003 0.00004 -0.00010 
3.14158 0.00003 0.00004 -0.00010 
3.14158 0.00003 0.00003 -0.00010 
3.14158 0.00003 0.00003 -0.00010 
3.14158 0.00003 0.00003 -0.00009 
3.14158 0.00003 0.00003 -0.00009 
3.14158 0.00003 0.00003 -0.00009 
3.14158 0.00003 0.00003 -0.00009 
3.14158 0.00003 0.00003 -0.00009 
3.14158 0.00003 0.00003 -0.00009 
3.14158 0.00003 0.00003 -0.00009 
3.14158 0.00003 0.00003 -0.00009 
3.14158 0.00003 0.00003 -0.00009 
3.14158 0.00003 0.00003 -0.00009 
3.14158 0.00003 0.00003 -0.00009 
3.14158 0.00003 0.00003 -0.00009 
3.14158 0.00003 0.00003 -0.00009 
3.14158 0.00003 0.00003 -0.00009 
3.14158 0.00003 0.00003 -0.00009 
3.14158 0.00003 0.00003 -0.00009 
3.14158 0.00003 0.00003 -0.00009 
3.14158 0.00003 0.00003 -0.00009 
3.14158 0.00003 0.00003 -0.00008 
3.14158 0.00003 0.00003 -0.00008 
3.14158 0.00003 0.00003 -0.00008 
3.14158 0.00003 0.00003 -0.00008 
3.14158 0.00003 0.00003 -0.00008 
3.14158 0.00003 0.00003 -0.00008 
3.14158 0.00003 0.00003 -0.00008 
3.14158 0.00003 0.00003 -0.00008 
3.14158 0.00003 0.00003 -0.00008 
3.14158 0.00003 0.00003 -0.00008 
3.14158 0.00002 0.00003 -0.00008 
3.14158 0.00002 0.00003 -0.00008 
3.14158 0.00002 0.00003 -0.00008 
3.14158 0.00002 0.00003 -0.00008 
3.14158 0.00002 0.00003 -0.00008 
3.14158 0.00002 0.00003 -0.00008 
3.14158 0.00002 0.00003 -0.00008 
3.14158 0.00002 0.00003 -0.00008 
3.14158 0.00002 0.00003 -0.00008 
3.14158 0.00002 0.00003 -0.00007 
3.14158 0.00002 0.00003 -0.00007 
3.14158 0.00002 0.00003 -0.00007 
3.14158 0.00002 0.00003 -0.00007 
3.14158 0.00002 0.00003 -0.00007 
3.14158 0.00002 0.00003 -0.00007 
3.14158 0.00002 0.00003 -0.00007 
3.14158 0.00002 0.00003 -0.00007 
3.14158 0.00002 0.00003 -0.00007 
3.14158 0.00002 0.00003 -0.00007 
3.14158 0.00002 0.00003 -0.00007 
3.14158 0.00002 0.00003 -0.00007 
3.14158 0.00002 0.00003 -0.00007 
3.14158 0.00002 0.00002 -0.00007 
3.14158 0.00002 0.00002 -0.00007 
3.14159 0.00002 0.00002 -0.00007 
3.14159 0.00002 0.00002 -0.00007 
3.14159 0.00002 0.00002 -0.00007 
3.14159 0.00002 0.00002 -0.00007 
3.14159 0.00002 0.00002 -0.00007 
3.14159 0.00002 0.00002 -0.00007 
3.14159 0.00002 0.00002 -0.00007 
3.14159 0.00002 0.00002 -0.00007 
3.14159 0.00002 0.00002 -0.00006 
3.14159 0.00002 0.00002 -0.00006 
3.14159 0.00002 0.00002 -0.00006 
3.14159 0.00002 0.00002 -0.00006 
3.14159 0.00002 0.00002 -0.00006 
3.14159 0.00002 0.00002 -0.00006 
3.14159 0.00002 0.00002 -0.00006 
3.14159 0.00002 0.00002 -0.00006 
3.14159 0.00002 0.00002 -0.00006 
3.14159 0.00002 0.00002 -0.00006 
3.14159 0.00002 0.00002 -0.00006 
3.14159 0.00002 0.00002 -0.00006 
3.14159 0.00002 0.00002 -0.00006 
3.14159 0.00002 0.00002 -0.00006 
3.14159 0.00002 0.00002 -0.00006 
3.14159 0.00002 0.00002 -0.00006 
3.14159 0.00002 0.00002 -0.00006 
3.14159 0.00002 0.00002 -0.00006 
3.14159 0.00002 0.00002 -0.00006 
3.14159 0.00002 0.00002 -0.00006 
3.14159 0.00002 0.00002 -0.00006 
3.14159 0.00002 0.00002 -0.00006 
3.14159 0.00002 0.00002 -0.00006 
3.14159 0.00002 0.00002 -0.00006 
3.14159 0.00002 0.00002 -0.00006 
3.14159 0.00002 0.00002 -0.00006 
3.14159 0.00002 0.00002 -0.00005 
3.14159 0.00002 0.00002 -0.00005 
3.14159 0.00002 0.00002 -0.00005 
3.14159 0.00002 0.00002 -0.00005 
3.14159 0.00002 0.00002 -0.00005 
3.14159 0.00002 0.00002 -0.00005 
3.14159 0.00002 0.00002 -0.00005 
3.14159 0.00002 0.00002 -0.00005 
3.14159 0.00002 0.00002 -0.00005 
3.14159 0.00002 0.00002 -0.00005 
3.14159 0.00002 0.00002 -0.00005 
3.14159 0.00002 0.00002 -0.00005 
3.14159 0.00002 0.00002 -0.00005 
3.14159 0.00002 0.00002 -0.00005 
3.14159 0.00002 0.00002 -0.00005 
3.14159 0.00002 0.00002 -0.00005 
3.14159 0.00002 0.00002 -0.00005 
3.14159 0.00002 0.00002 -0.00005 
3.14159 0.00002 0.00002 -0.00005 
3.14159 0.00002 0.00002 -0.00005 
3.14159 0.00002 0.00002 -0.00005 
3.14159 0.00002 0.00002 -0.00005 
3.14159 0.00001 0.00002 -0.00005 
3.14159 0.00001 0.00002 -0.00005 
3.14159 0.00001 0.00002 -0.00005 
3.14159 0.00001 0.00002 -0.00005 
3.14159 0.00001 0.00002 -0.00005 
3.14159 0.00001 0.00002 -0.00005 
3.14159 0.00001 0.00002 -0.00005 
3.14159 0.00001 0.00002 -0.00005 
3.14159 0.00001 0.00002 -0.00005 
3.14159 0.00001 0.00002 -0.00005 
3.14159 0.00001 0.00002 -0.00004 
3.14159 0.00001 0.00002 -0.00004 
3.14159 0.00001 0.00002 -0.00004 
3.14159 0.00001 0.00002 -0.00004 
3.14159 0.00001 0.00002 -0.00004 
3.14159 0.00001 0.00002 -0.00004 
3.14159 0.00001 0.00002 -0.00004 
3.14159 0.00001 0.00002 -0.00004 
3.14159 0.00001 0.00002 -0.00004 
3.14159 0.00001 0.00002 -0.00004 
3.14159 0.00001 0.00002 -0.00004 
3.14159 0.00001 0.00002 -0.00004 
3.14159 0.00001 0.00001 -0.00004 
3.14159 0.00001 0.00001 -0.00004 
3.14159 0.00001 0.00001 -0.00004 
3.14159 0.00001 0.00001 -0.00004 
3.14159 0.00001 0.00001 -0.00004 
3.14159 0.00001 0.00001 -0.00004 
3.14159 0.00001 0.00001 -0.00004 
3.14159 0.00001 0.00001 -0.00004 
3.14159 0.00001 0.00001 -0.00004 
3.14159 0.00001 0.00001 -0.00004 
3.14159 0.00001 0.00001 -0.00004 
3.14159 0.00001 0.00001 -0.00004 
3.14159 0.00001 0.00001 -0.00004 
3.14159 0.00001 0.00001 -0.00004 
3.14159 0.00001 0.00001 -0.00004 
3.14159 0.00001 0.00001 -0.00004 
3.14159 0.00001 0.00001 -0.00004 
3.14159 0.00001 0.00001 -0.00004 
3.14159 0.00001 0.00001 -0.00004 
3.14159 0.00001 0.00001 -0.00004 
3.14159 0.00001 0.00001 -0.00004 
3.14159 0.00001 0.00001 -0.00004 
3.14159 0.00001 0.00001 -0.00004 
3.14159 0.00001 0.00001 -0.00004 
3.14159 0.00001 0.00001 -0.00004 
3.14159 0.00001 0.00001 -0.00004 
3.14159 0.00001 0.00001 -0.00004 
3.14159 0.00001 0.00001 -0.00003 
3.14159 0.00001 0.00001 -0.00003 
3.14159 0.00001 0.00001 -0.00003 
3.14159 0.00001 0.00001 -0.00003 
3.14159 0.00001 0.00001 -0.00003 
3.14159 0.00001 0.00001 -0.00003 
3.14159 0.00001 0.00001 -0.00003 
3.14159 0.00001 0.00001 -0.00003 
3.14159 0.00001 0.00001 -0.00003 
3.14159 0.00001 0.00001 -0.00003 
3.14159 0.00001 0.00001 -0.00003 
3.14159 0.00001 0.00001 -0.00003 
3.14159 0.00001 0.00001 -0.00003 
3.14159 0.00001 0.00001 -0.00003 
3.14159 0.00001 0.00001 -0.00003 
3.14159 0.00001 0.00001 -0.00003 
3.14159 0.00001 0.00001 -0.00003 
3.14159 0.00001 0.00001 -0.00003 
3.14159 0.00001 0.00001 -0.00003 
3.14159 0.00001 0.00001 -0.00003 
3.14159 0.00001 0.00001 -0.00003 
3.14159 0.00001 0.00001 -0.00003 
3.14159 0.00001 0.00001 -0.00003 
3.14159 0.00001 0.00001 -0.00003 
3.14159 0.00001 0.00001 -0.00003 
3.14159 0.00001 0.00001 -0.00003 
3.14159 0.00001 0.00001 -0.00003 
3.14159 0.00001 0.00001 -0.00003 
3.14159 0.00001 0.00001 -0.00003 
3.14159 0.00001 0.00001 -0.00003 
3.14159 0.00001 0.00001 -0.00003 
3.14159 0.00001 0.00001 -0.00003 
3.14159 0.00001 0.00001 -0.00003 
3.14159 0.00001 0.00001 -0.00003 
3.14159 0.00001 0.00001 -0.00003 
3.14159 0.00001 0.00001 -0.00003 
3.14159 0.00001 0.00001 -0.00003 
3.14159 0.00001 0.00001 -0.00003 
3.14159 0.00001 0.00001 -0.00003 
3.14159 0.00001 0.00001 -0.00003 
3.14159 0.00001 0.00001 -0.00003 
3.14159 0.00001 0.00001 -0.00003 
3.14159 0.00001 0.00001 -0.00003 
3.14159 0.00001 0.00001 -0.00003 
3.14159 0.00001 0.00001 -0.00003 
3.14159 0.00001 0.00001 -0.00003 
3.14159 0.00001 0.00001 -0.00003 
3.14159 0.00001 0.00001 -0.00003 
3.14159 0.00001 0.00001 -0.00003 
3.14159 0.00001 0.00001 -0.00003 
3.14159 0.00001 0.00001 -0.00003 
3.14159 0.00001 0.00001 -0.00003 
3.14159 0.00001 0.00001 -0.00003 
3.14159 0.00001 0.00001 -0.00002 
3.14159 0.00001 0.00001 -0.00002 
3.14159 0.00001 0.00001 -0.00002 
3.14159 0.00001 0.00001 -0.00002 
3.14159 0.00001 0.00001 -0.00002 
3.14159 0.00001 0.00001 -0.00002 
3.14159 0.00001 0.00001 -0.00002 
3.14159 0.00001 0.00001 -0.00002 
3.14159 0.00001 0.00001 -0.00002 
3.14159 0.00001 0.00001 -0.00002 
3.14159 0.00001 0.00001 -0.00002 
3.14159 0.00001 0.00001 -0.00002 
3.14159 0.00001 0.00001 -0.00002 
3.14159 0.00001 0.00001 -0.00002 
3.14159 0.00001 0.00001 -0.00002 
3.14159 0.00001 0.00001 -0.00002 
3.14159 0.00001 0.00001 -0.00002 
3.14159 0.00001 0.00001 -0.00002 
3.14159 0.00001 0.00001 -0.00002 
3.14159 0.00001 0.00001 -0.00002 
3.14159 0.00001 0.00001 -0.00002 
3.14159 0.00001 0.00001 -0.00002 
3.14159 0.00001 0.00001 -0.00002 
3.14159 0.00001 0.00001 -0.00002 
3.14159 0.00001 0.00001 -0.00002 
3.14159 0.00001 0.00001 -0.00002 
3.14159 0.00001 0.00001 -0.00002 
3.14159 0.00001 0.00001 -0.00002 
3.14159 0.00001 0.00001 -0.00002 
3.14159 0.00001 0.00001 -0.00002 
3.14159 0.00001 0.00001 -0.00002 
3.14159 0.00001 0.00001 -0.00002 
3.14159 0.00001 0.00001 -0.00002 
3.14159 0.00001 0.00001 -0.00002 
3.14159 0.00001 0.00001 -0.00002 
3.14159 0.00001 0.00001 -0.00002 
3.14159 0.00001 0.00001 -0.00002 
3.14159 0.00001 0.00001 -0.00002 
3.14159 0.00001 0.00001 -0.00002 
3.14159 0.00001 0.00001 -0.00002 
3.14159 0.00001 0.00001 -0.00002 
3.14159 0.00001 0.00001 -0.00002 
3.14159 0.00001 0.00001 -0.00002 
3.14159 0.00001 0.00001 -0.00002 
3.14159 0.00001 0.00001 -0.00002 
3.14159 0.00001 0.00001 -0.00002 
3.14159 0.00001 0.00001 -0.00002 
3.14159 0.00001 0.00001 -0.00002 
3.14159 0.00001 0.00001 -0.00002 
3.14159 0.00001 0.00001 -0.00002 
3.14159 0.00001 0.00001 -0.00002 
3.14159 0.00001 0.00001 -0.00002 
3.14159 0.00001 0.00001 -0.00002 
3.14159 0.00001 0.00001 -0.00002 
3.14159 0.00001 0.00001 -0.00002 
3.14159 0.00001 0.00001 -0.00002 
3.14159 0.00001 0.00001 -0.00002 
3.14159 0.00001 0.00001 -0.00002 
3.14159 0.00001 0.00001 -0.00002 
3.14159 0.00001 0.00001 -0.00002 
3.14159 0.00001 0.00001 -0.00002 
3.14159 0.00001 0.00001 -0.00002 
3.14159 0.00001 0.00001 -0.00002 
3.14159 0.00001 0.00001 -0.00002 
3.14159 0.00001 0.00001 -0.00002 
3.14159 0.00001 0.00001 -0.00002 
3.14159 0.00001 0.00001 -0.00002 
3.14159 0.00001 0.00001 -0.00002 
3.14159 0.00001 0.00001 -0.00002 
3.14159 0.00000 0.00001 -0.00002 
3.14159 0.00000 0.00001 -0.00002 
3.14159 0.00000 0.00001 -0.00002 
3.14159 0.00000 0.00001 -0.00002 
3.14159 0.00000 0.00001 -0.00002 
3.14159 0.00000 0.00001 -0.00002 
3.14159 0.00000 0.00001 -0.00002 
3.14159 0.00000 0.00001 -0.00002 
3.14159 0.00000 0.00001 -0.00002 
3.14159 0.00000 0.00001 -0.00002 
3.14159 0.00000 0.00001 -0.00002 
3.14159 0.00000 0.00001 -0.00001 
3.14159 0.00000 0.00001 -0.00001 
3.14159 0.00000 0.00001 -0.00001 
3.14159 0.00000 0.00001 -0.00001 
3.14159 0.00000 0.00001 -0.00001 
3.14159 0.00000 0.00001 -0.00001 
3.14159 0.00000 0.00001 -0.00001 
3.14159 0.00000 0.00001 -0.00001 
3.14159 0.00000 0.00001 -0.00001 
3.14159 0.00000 0.00001 -0.00001 
3.14159 0.00000 0.00000 -0.00001 
3.14159 0.00000 0.00000 -0.00001 
3.14159 0.00000 0.00000 -0.00001 
3.14159 0.00000 0.00000 -0.00001 
3.14159 0.00000 0.00000 -0.00001 
3.14159 0.00000 0.00000 -0.00001 
3.14159 0.00000 0.00000 -0.00001 
3.14159 0.00000 0.00000 -0.00001 
3.14159 0.00000 0.00000 -0.00001 
3.14159 0.00000 0.00000 -0.00001 
3.14159 0.00000 0.00000 -0.00001 
3.14159 0.00000 0.00000 -0.00001 
3.14159 0.00000 0.00000 -0.00001 
3.14159 0.00000 0.00000 -0.00001 
3.14159 0.00000 0.00000 -0.00001 
3.14159 0.00000 0.00000 -0.00001 
3.14159 0.00000 0.00000 -0.00001 
3.14159 0.00000 0.00000 -0.00001 
3.14159 0.00000 0.00000 -0.00001 
3.14159 0.00000 0.00000 -0.00001 
3.14159 0.00000 0.00000 -0.00001 
3.14159 0.00000 0.00000 -0.00001 
3.14159 0.00000 0.00000 -0.00001 
3.14159 0.00000 0.00000 -0.00001 
3.14159 0.00000 0.00000 -0.00001 
3.14159 0.00000 0.00000 -0.00001 
3.14159 0.00000 0.00000 -0.00001 
3.14159 0.00000 0.00000 -0.00001 
3.14159 0.00000 0.00000 -0.00001 
3.14159 0.00000 0.00000 -0.00001 
3.14159 0.00000 0.00000 -0.00001 
3.14159 0.00000 0.00000 -0.00001 
3.14159 0.00000 0.00000 -0.00001 
3.14159 0.00000 0.00000 -0.00001 
3.14159 0.00000 0.00000 -0.00001 
3.14159 0.00000 0.00000 -0.00001 
3.14159 0.00000 0.00000 -0.00001 
3.14159 0.00000 0.00000 -0.00001 
3.14159 0.00000 0.00000 -0.00001 
3.14159 0.00000 0.00000 -0.00001 
3.14159 0.00000 0.00000 -0.00001 
3.14159 0.00000 0.00000 -0.00001 
3.14159 0.00000 0.00000 -0.00001 
3.14159 0.00000 0.00000 -0.00001 
3.14159 0.00000 0.00000 -0.00001 
3.14159 0.00000 0.00000 -0.00001 
3.14159 0.00000 0.00000 -0.00001 
3.14159 0.00000 0.00000 -0.00001 
3.14159 0.00000 0.00000 -0.00001 
3.14159 0.00000 0.00000 -0.00001 
3.14159 0.00000 0.00000 -0.00001 
3.14159 0.00000 0.00000 -0.00001 
3.14159 0.00000 0.00000 -0.00001 
3.14159 0.00000 0.00000 -0.00001 
3.14159 0.00000 0.00000 -0.00001 
3.14159 0.00000 0.00000 -0.00001 
3.14159 0.00000 0.00000 -0.00001 
3.14159 0.00000 0.00000 -0.00001 
3.14159 0.00000 0.00000 -0.00001 
3.14159 0.00000 0.00000 -0.00001 
3.14159 0.00000 0.00000 -0.00001 
3.14159 0.00000 0.00000 -0.00001 
3.14159 0.00000 0.00000 -0.00001 
3.14159 0.00000 0.00000 -0.00001 
3.14159 0.00000 0.00000 -0.00001 
3.14159 0.00000 0.00000 -0.00001 
3.14159 0.00000 0.00000 -0.00001 
3.14159 0.00000 0.00000 -0.00001 
3.14159 0.00000 0.00000 -0.00001 
3.14159 0.00000 0.00000 -0.00001 
3.14159 0.00000 0.00000 -0.00001 
3.14159 0.00000 0.00000 -0.00001 
3.14159 0.00000 0.00000 -0.00001 
3.14159 0.00000 0.00000 -0.00001 
3.14159 0.00000 0.00000 -0.00001 
3.14159 0.00000 0.00000 -0.00001 
3.14159 0.00000 0.00000 -0.00001 
3.14159 0.00000 0.00000 -0.00001 
3.14159 0.00000 0.00000 -0.00001 
3.14159 0.00000 0.00000 -0.00001 
3.14159 0.00000 0.00000 -0.00001 
3.14159 0.00000 0.00000 -0.00001 
3.14159 0.00000 0.00000 -0.00001 
3.14159 0.00000 0.00000 -0.00001 
3.14159 0.00000 0.00000 -0.00001 
3.14159 0.00000 0.00000 -0.00001 
3.14159 0.00000 0.00000 -0.00001 
3.14159 0.00000 0.00000 -0.00001 
3.14159 0.00000 0.00000 -0.00001 
3.14159 0.00000 0.00000 -0.00001 
3.14159 0.00000 0.00000 -0.00001 
3.14159 0.00000 0.00000 -0.00001 
3.14159 0.00000 0.00000 -0.00001 
3.14159 0.00000 0.00000 -0.00001 
3.14159 0.00000 0.00000 -0.00001 
3.14159 0.00000 0.00000 -0.00001 
3.14159 0.00000 0.00000 -0.00001 
3.14159 0.00000 0.00000 -0.00001 
3.14159 0.00000 0.00000 -0.00001 
3.14159 0.00000 0.00000 -0.00001 
3.14159 0.00000 0.00000 -0.00001 
3.14159 0.00000 0.00000 -0.00001 
3.14159 0.00000 0.00000 -0.00001 
3.14159 0.00000 0.00000 -0.00001 
3.14159 0.00000 0.00000 -0.00001 
3.14159 0.00000 0.00000 -0.00001 
3.14159 0.00000 0.00000 -0.00001 
3.14159 0.00000 0.00000 -0.00001 
3.14159 0.00000 0.00000 -0.00001 
3.14159 0.00000 0.00000 -0.00001 
3.14159 0.00000 0.00000 -0.00001 
3.14159 0.00000 0.00000 -0.00001 
3.14159 0.00000 0.00000 -0.00001 
3.14159 0.00000 0.00000 -0.00001 
3.14159 0.00000 0.00000 -0.00001 
3.14159 0.00000 0.00000 -0.00001 
3.14159 0.00000 0.00000 -0.00001 
3.14159 0.00000 0.00000 -0.00001 
3.14159 0.00000 0.00000 -0.00001 
3.14159 0.00000 0.00000 -0.00001 
3.14159 0.00000 0.00000 -0.00001 
3.14159 0.00000 0.00000 -0.00001 
3.14159 0.00000 0.00000 -0.00001 
3.14159 0.00000 0.00000 -0.00001 
3.14159 0.00000 0.00000 -0.00001 
3.14159 0.00000 0.00000 -0.00001 
3.14159 0.00000 0.00000 -0.00001 
3.14159 0.00000 0.00000 -0.00001 
3.14159 0.00000 0.00000 -0.00001 
3.14159 0.00000 0.00000 -0.00001 
3.14159 0.00000 0.00000 -0.00001 
3.14159 0.00000 0.00000 -0.00001 
3.14159 0.00000 0.00000 -0.00001 
3.14159 0.00000 0.00000 -0.00001 
3.14159 0.00000 0.00000 -0.00001 
3.14159 0.00000 0.00000 -0.00001 
3.14159 0.00000 0.00000 -0.00001 
3.14159 0.00000 0.00000 -0.00001 
3.14159 0.00000 0.00000 -0.00001 
3.14159 0.00000 0.00000 -0.00001 
3.14159 0.00000 0.00000 -0.00001 
3.14159 0.00000 0.00000 -0.00001 
3.14159 0.00000 0.00000 -0.00001 
3.14159 0.00000 0.00000 -0.00001 
3.14159 0.00000 0.00000 -0.00001 
3.14159 0.00000 0.00000 -0.00001 
3.14159 0.00000 0.00000 -0.00001 
3.14159 0.00000 0.00000 -0.00001 
3.14159 0.00000 0.00000 -0.00001 
3.14159 0.00000 0.00000 -0.00001 
3.14159 0.00000 0.00000 -0.00001 
3.14159 0.00000 0.00000 -0.00001 
3.14159 0.00000 0.00000 -0.00001 
3.14159 0.00000 0.00000 -0.00001 
3.14159 0.00000 0.00000 -0.00001 
3.14159 0.00000 0.00000 -0.00001 
3.14159 0.00000 0.00000 -0.00001 
3.14159 0.00000 0.00000 -0.00001 
3.14159 0.00000 0.00000 -0.00001 
3.14159 0.00000 0.00000 -0.00001 
3.14159 0.00000 0.00000 -0.00001 
3.14159 0.00000 0.00000 -0.00000 
3.14159 0.00000 0.00000 -0.00000 
3.14159 0.00000 0.00000 -0.00000 
3.14159 0.00000 0.00000 -0.00000 
3.14159 0.00000 0.00000 -0.00000 
3.14159 0.00000 0.00000 -0.00000 
3.14159 0.00000 0.00000 -0.00000 
3.14159 0.00000 0.00000 -0.00000 
3.14159 0.00000 0.00000 -0.00000 
3.14159 0.00000 0.00000 -0.00000 
3.14159 0.00000 0.00000 -0.00000 
3.14159 0.00000 0.00000 -0.00000 
3.14159 0.00000 0.00000 -0.00000 
3.14159 0.00000 0.00000 -0.00000 
3.14159 0.00000 0.00000 -0.00000 
3.14159 0.00000 0.00000 -0.00000 
3.14159 0.00000 0.00000 -0.00000 
3.14159 0.00000 0.00000 -0.00000 
3.14159 0.00000 0.00000 -0.00000 
3.14159 0.00000 0.00000 -0.00000 
3.14159 0.00000 0.00000 -0.00000 
3.14159 0.00000 0.00000 -0.00000 
3.14159 0.00000 0.00000 -0.00000 
3.14159 0.00000 0.00000 -0.00000 
3.14159 0.00000 0.00000 -0.00000 
3.14159 0.00000 0.00000 -0.00000 
3.14159 0.00000 0.00000 -0.00000 
3.14159 0.00000 0.00000 -0.00000 
3.14159 0.00000 0.00000 -0.00000 
3.14159 0.00000 0.00000 -0.00000 
3.14159 0.00000 0.00000 -0.00000 
3.14159 0.00000 0.00000 -0.00000 
3.14159 0.00000 0.00000 -0.00000 
3.14159 0.00000 0.00000 -0.00000 
3.14159 0.00000 0.00000 -0.00000 
3.14159 0.00000 0.00000 -0.00000 
3.14159 0.00000 0.00000 -0.00000 
3.14159 0.00000 0.00000 -0.00000 
3.14159 0.00000 0.00000 -0.00000 
3.14159 0.00000 0.00000 -0.00000 
3.14159 0.00000 0.00000 -0.00000 
3.14159 0.00000 0.00000 -0.00000 
3.14159 0.00000 0.00000 -0.00000 
3.14159 0.00000 0.00000 -0.00000 
3.14159 0.00000 0.00000 -0.00000 
3.14159 0.00000 0.00000 -0.00000 
3.14159 0.00000 0.00000 -0.00000 
3.14159 0.00000 0.00000 -0.00000 
3.14159 0.00000 0.00000 -0.00000 
3.14159 0.00000 0.00000 -0.00000 
3.14159 0.00000 0.00000 -0.00000 
3.14159 0.00000 0.00000 -0.00000 
3.14159 0.00000 0.00000 -0.00000 
3.14159 0.00000 0.00000 -0.00000 
3.14159 0.00000 0.00000 -0.00000 
3.14159 0.00000 0.00000 -0.00000 
3.14159 0.00000 0.00000 -0.00000 
3.14159 0.00000 0.00000 -0.00000 
3.14159 0.00000 0.00000 -0.00000 
3.14159 0.00000 0.00000 -0.00000 
3.14159 0.00000 0.00000 -0.00000 
3.14159 0.00000 0.00000 -0.00000 
3.14159 0.00000 0.00000 -0.00000 
3.14159 0.00000 0.00000 -0.00000 
3.14159 0.00000 0.00000 -0.00000 
3.14159 0.00000 0.00000 -0.00000 
3.14159 0.00000 0.00000 -0.00000 
3.14159 0.00000 0.00000 -0.00000 
3.14159 0.00000 0.00000 -0.00000 
3.14159 0.00000 0.00000 -0.00000 
3.14159 0.00000 0.00000 -0.00000 
3.14159 0.00000 0.00000 -0.00000 
3.14159 0.00000 0.00000 -0.00000 
3.14159 0.00000 0.00000 -0.00000 
3.14159 0.00000 0.00000 -0.00000 
3.14159 0.00000 0.00000 -0.00000 
3.14159 0.00000 0.00000 -0.00000 
3.14159 0.00000 0.00000 -0.00000 
3.14159 0.00000 0.00000 -0.00000 
3.14159 0.00000 0.00000 -0.00000 
3.14159 0.00000 0.00000 -0.00000 
3.14159 0.00000 0.00000 -0.00000 
3.14159 0.00000 0.00000 -0.00000 
3.14159 0.00000 0.00000 -0.00000 
3.14159 0.00000 0.00000 -0.00000 
3.14159 0.00000 0.00000 -0.00000 
3.14159 0.00000 0.00000 -0.00000 
3.14159 0.00000 0.00000 -0.00000 
3.14159 0.00000 0.00000 -0.00000 
3.14159 0.00000 0.00000 -0.00000 
3.14159 0.00000 0.00000 -0.00000 
3.14159 0.00000 0.00000 -0.00000 
3.14159 0.00000 0.00000 -0.00000 
3.14159 0.00000 0.00000 -0.00000 
3.14159 0.00000 0.00000 -0.00000 
3.14159 0.00000 0.00000 -0.00000 
3.14159 0.00000 0.00000 -0.00000 
3.14159 0.00000 0.00000 -0.00000 
3.14159 0.00000 0.00000 -0.00000 
3.14159 0.00000 0.00000 -0.00000 
3.14159 0.00000 0.00000 -0.00000 
3.14159 0.00000 0.00000 -0.00000 
3.14159 0.00000 0.00000 -0.00000 
3.14159 0.00000 0.00000 -0.00000 
3.14159 0.00000 0.00000 -0.00000 
3.14159 0.00000 0.00000 -0.00000 
3.14159 0.00000 0.00000 -0.00000 
3.14159 0.00000 0.00000 -0.00000 
3.14159 0.00000 0.00000 -0.00000 
3.14159 0.00000 0.00000 -0.00000 
3.14159 0.00000 0.00000 -0.00000 
3.14159 0.00000 0.00000 -0.00000 
3.14159 0.00000 0.00000 -0.00000 
3.14159 0.00000 0.00000 -0.00000 
3.14159 0.00000 0.00000 -0.00000 
3.14159 0.00000 0.00000 -0.00000 
3.14159 0.00000 0.00000 -0.00000 
3.14159 0.00000 0.00000 -0.00000 
3.14159 0.00000 0.00000 -0.00000 
3.14159 0.00000 0.00000 -0.00000 
3.14159 0.00000 0.00000 -0.00000 
3.14159 0.00000 0.00000 -0.00000 
3.14159 0.00000 0.00000 -0.00000 
3.14159 0.00000 0.00000 -0.00000 
3.14159 0.00000 0.00000 -0.00000 
3.14159 0.00000 0.00000 -0.00000 
3.14159 0.00000 0.00000 -0.00000 
3.14159 0.00000 0.00000 -0.00000 
3.14159 0.00000 0.00000 -0.00000 
3.14159 0.00000 0.00000 -0.00000 
3.14159 0.00000 0.00000 -0.00000 
3.14159 0.00000 0.00000 -0.00000 
3.14159 0.00000 0.00000 -0.00000 
3.14159 0.00000 0.00000 -0.00000 
3.14159 0.00000 0.00000 -0.00000 
3.14159 0.00000 0.00000 -0.00000 
3.14159 0.00000 0.00000 -0.00000 
3.14159 0.00000 0.00000 -0.00000 
3.14159 0.00000 0.00000 -0.00000 
3.14159 0.00000 0.00000 -0.00000 
3.14159 0.00000 0.00000 -0.00000 
3.14159 0.00000 0.00000 -0.00000 
3.14159 0.00000 0.00000 -0.00000 
3.14159 0.00000 0.00000 -0.00000 
3.14159 0.00000 0.00000 -0.00000 
3.14159 0.00000 0.00000 -0.00000 
3.14159 0.00000 0.00000 -0.00000 
3.14159 0.00000 0.00000 -0.00000 
3.14159 0.00000 0.00000 -0.00000 
3.14159 0.00000 0.00000 -0.00000 
3.14159 0.00000 0.00000 -0.00000 
3.14159 0.00000 0.00000 -0.00000 
3.14159 0.00000 0.00000 -0.00000 
3.14159 0.00000 0.00000 -0.00000 
3.14159 0.00000 0.00000 -0.00000 
3.14159 0.00000 0.00000 -0.00000 
3.14159 0.00000 0.00000 -0.00000 
3.14159 0.00000 0.00000 -0.00000 
3.14159 0.00000 0.00000 -0.00000 
3.14159 0.00000 0.00000 -0.00000 
3.14159 0.00000 0.00000 -0.00000 
3.14159 0.00000 0.00000 -0.00000 
3.14159 0.00000 0.00000 -0.00000 
3.14159 0.00000 0.00000 -0.00000 
3.14159 0.00000 0.00000 -0.00000 
3.14159 0.00000 0.00000 -0.00000 
3.14159 0.00000 0.00000 -0.00000 
3.14159 0.00000 0.00000 -0.00000 
3.14159 0.00000 0.00000 -0.00000 
3.14159 0.00000 0.00000 -0.00000 
3.14159 0.00000 0.00000 -0.00000 
3.14159 0.00000 0.00000 -0.00000 
3.14159 0.00000 0.00000 -0.00000 
3.14159 0.00000 0.00000 -0.00000 
3.14159 0.00000 0.00000 -0.00000 
3.14159 0.00000 0.00000 -0.00000 
3.14159 0.00000 0.00000 -0.00000 
3.14159 0.00000 0.00000 -0.00000 
3.14159 0.00000 0.00000 -0.00000 
3.14159 0.00000 0.00000 -0.00000 
3.14159 0.00000 0.00000 -0.00000 
3.14159 0.00000 0.00000 -0.00000 
3.14159 0.00000 0.00000 -0.00000 
3.14159 0.00000 0.00000 -0.00000 
3.14159 0.00000 0.00000 -0.00000 
3.14159 0.00000 0.00000 -0.00000 
3.14159 0.00000 0.00000 -0.00000 
3.14159 0.00000 0.00000 -0.00000 
3.14159 0.00000 0.00000 -0.00000 
3.14159 0.00000 0.00000 -0.00000 
3.14159 0.00000 0.00000 -0.00000 
3.14159 0.00000 0.00000 -0.00000 
3.14159 0.00000 0.00000 -0.00000 
3.14159 0.00000 0.00000 -0.00000 
3.14159 0.00000 0.00000 -0.00000 
3.14159 0.00000 0.00000 -0.00000 
3.14159 0.00000 0.00000 -0.00000 
3.14159 0.00000 0.00000 -0.00000 
3.14159 0.00000 0.00000 -0.00000 
3.14159 0.00000 0.00000 -0.00000 
3.14159 0.00000 0.00000 -0.00000 
3.14159 0.00000 0.00000 -0.00000 
3.14159 0.00000 0.00000 -0.00000 
3.14159 0.00000 0.00000 -0.00000 
3.14159 0.00000 0.00000 -0.00000 
3.14159 0.00000 0.00000 -0.00000 
3.14159 0.00000 0.00000 -0.00000 
3.14159 0.00000 0.00000 -0.00000 
3.14159 0.00000 0.00000 -0.00000 
3.14159 0.00000 0.00000 -0.00000 
3.14159 0.00000 0.00000 -0.00000 
3.14159 0.00000 0.00000 -0.00000 
3.14159 0.00000 0.00000 -0.00000 
3.14159 0.00000 0.00000 -0.00000 
3.14159 0.00000 0.00000 -0.00000 
3.14159 0.00000 0.00000 -0.00000 
3.14159 0.00000 0.00000 -0.00000 
3.14159 0.00000 0.00000 -0.00000 
3.14159 0.00000 0.00000 -0.00000 
3.14159 0.00000 0.00000 -0.00000 
3.14159 0.00000 0.00000 -0.00000 
3.14159 0.00000 0.00000 -0.00000 
3.14159 0.00000 0.00000 -0.00000 
3.14159 0.00000 0.00000 -0.00000 
3.14159 0.00000 0.00000 -0.00000 
3.14159 0.00000 0.00000 -0.00000 
3.14159 0.00000 0.00000 -0.00000 
3.14159 0.00000 0.00000 -0.00000 
3.14159 0.00000 0.00000 -0.00000 
3.14159 0.00000 0.00000 -0.00000 
3.14159 0.00000 0.00000 -0.00000 
3.14159 0.00000 0.00000 -0.00000 
3.14159 0.00000 0.00000 -0.00000 
3.14159 0.00000 0.00000 -0.00000 
3.14159 0.00000 0.00000 -0.00000 
3.14159 0.00000 0.00000 -0.00000 
3.14159 0.00000 0.00000 -0.00000 
3.14159 0.00000 0.00000 -0.00000 
3.14159 0.00000 0.00000 -0.00000 
3.14159 0.00000 0.00000 -0.00000 
3.14159 0.00000 0.00000 -0.00000 
3.14159 0.00000 0.00000 -0.00000 
3.14159 0.00000 0.00000 -0.00000 
3.14159 0.00000 0.00000 -0.00000 
3.14159 0.00000 0.00000 -0.00000 
3.14159 0.00000 0.00000 -0.00000 
3.14159 0.00000 0.00000 -0.00000 
3.14159 0.00000 0.00000 -0.00000 
3.14159 0.00000 0.00000 -0.00000 
3.14159 0.00000 0.00000 -0.00000 
3.14159 0.00000 0.00000 -0.00000 
3.14159 0.00000 0.00000 -0.00000 
3.14159 0.00000 0.00000 -0.00000 
3.14159 0.00000 0.00000 -0.00000 
3.14159 0.00000 0.00000 -0.00000 
3.14159 0.00000 0.00000 -0.00000 
3.14159 0.00000 0.00000 -0.00000 
3.14159 0.00000 0.00000 -0.00000 
3.14159 0.00000 0.00000 -0.00000 
3.14159 0.00000 0.00000 -0.00000 
3.14159 0.00000 0.00000 -0.00000 
3.14159 0.00000 0.00000 -0.00000 
3.14159 0.00000 0.00000 -0.00000 
3.14159 0.00000 0.00000 -0.00000 
3.14159 0.00000 0.00000 -0.00000 
3.14159 0.00000 0.00000 -0.00000 
3.14159 0.00000 0.00000 -0.00000 
3.14159 0.00000 0.00000 -0.00000 
3.14159 0.00000 0.00000 -0.00000 
3.14159 0.00000 0.00000 -0.00000 
3.14159 0.00000 0.00000 -0.00000 
3.14159 0.00000 0.00000 -0.00000 
3.14159 0.00000 0.00000 -0.00000 
3.14159 0.00000 0.00000 -0.00000 
3.14159 0.00000 0.00000 -0.00000 
3.14159 0.00000 0.00000 -0.00000 
3.14159 0.00000 0.00000 -0.00000 
3.14159 0.00000 0.00000 -0.00000 
3.14159 0.00000 0.00000 -0.00000 
3.14159 0.00000 0.00000 -0.00000 
3.14159 0.00000 0.00000 -0.00000 
3.14159 0.00000 0.00000 -0.00000 
3.14159 0.00000 0.00000 -0.00000 
3.14159 0.00000 0.00000 -0.00000 
3.14159 0.00000 0.00000 -0.00000 
3.14159 0.00000 0.00000 -0.00000 
3.14159 0.00000 0.00000 -0.00000 
3.14159 0.00000 0.00000 -0.00000 
3.14159 0.00000 0.00000 -0.00000 
3.14159 0.00000 0.00000 -0.00000 
3.14159 0.00000 0.00000 -0.00000 
3.14159 0.00000 0.00000 -0.00000 
3.14159 0.00000 0.00000 -0.00000 
3.14159 0.00000 0.00000 -0.00000 
3.14159 0.00000 0.00000 -0.00000 
3.14159 0.00000 0.00000 -0.00000 
3.14159 0.00000 0.00000 -0.00000 
3.14159 0.00000 0.00000 -0.00000 
3.14159 0.00000 0.00000 -0.00000 
3.14159 0.00000 0.00000 -0.00000 
3.14159 0.00000 0.00000 -0.00000 
3.14159 0.00000 0.00000 -0.00000 
3.14159 0.00000 0.00000 -0.00000 
3.14159 0.00000 0.00000 -0.00000 
3.14159 0.00000 0.00000 -0.00000 
3.14159 0.00000 0.00000 -0.00000 
3.14159 0.00000 0.00000 -0.00000 
3.14159 0.00000 0.00000 -0.00000 
3.14159 0.00000 0.00000 -0.00000 
3.14159 0.00000 0.00000 -0.00000 
3.14159 0.00000 0.00000 -0.00000 
3.14159 0.00000 0.00000 -0.00000 
3.14159 0.00000 0.00000 -0.00000 
3.14159 0.00000 0.00000 -0.00000 
3.14159 0.00000 0.00000 -0.00000 
3.14159 0.00000 0.00000 -0.00000 
3.14159 0.00000 0.00000 -0.00000 
3.14159 0.00000 0.00000 -0.00000 
3.14159 0.00000 0.00000 -0.00000 
3.14159 0.00000 0.00000 -0.00000 
3.14159 0.00000 0.00000 -0.00000 
3.14159 0.00000 0.00000 -0.00000 
3.14159 0.00000 0.00000 -0.00000 
3.14159 0.00000 0.00000 -0.00000 
3.14159 0.00000 0.00000 -0.00000 
3.14159 0.00000 0.00000 -0.00000 
3.14159 0.00000 0.00000 -0.00000 
3.14159 0.00000 0.00000 -0.00000 
3.14159 0.00000 0.00000 -0.00000 
3.14159 0.00000 0.00000 -0.00000 
3.14159 0.00000 0.00000 -0.00000 
3.14159 0.00000 0.00000 -0.00000 
3.14159 0.00000 0.00000 -0.00000 
3.14159 0.00000 0.00000 -0.00000 
3.14159 0.00000 0.00000 -0.00000 
3.14159 0.00000 0.00000 -0.00000 
3.14159 0.00000 0.00000 -0.00000 
3.14159 0.00000 0.00000 -0.00000 
3.14159 0.00000 0.00000 -0.00000 
3.14159 0.00000 0.00000 -0.00000 
3.14159 0.00000 0.00000 -0.00000 
3.14159 0.00000 0.00000 -0.00000 
3.14159 0.00000 0.00000 -0.00000 
3.14159 0.00000 0.00000 -0.00000 
3.14159 0.00000 0.00000 -0.00000 
3.14159 0.00000 0.00000 -0.00000 
3.14159 0.00000 0.00000 -0.00000 
3.14159 0.00000 0.00000 -0.00000 
3.14159 0.00000 0.00000 -0.00000 
3.14159 0.00000 0.00000 -0.00000 
3.14159 0.00000 0.00000 -0.00000 
3.14159 0.00000 0.00000 -0.00000 
3.14159 0.00000 0.00000 -0.00000 
3.14159 0.00000 0.00000 -0.00000 
3.14159 0.00000 0.00000 -0.00000 
3.14159 0.00000 0.00000 -0.00000 
3.14159 0.00000 0.00000 -0.00000 
3.14159 0.00000 0.00000 -0.00000 
3.14159 0.00000 0.00000 -0.00000 
3.14159 0.00000 0.00000 -0.00000 
3.14159 0.00000 0.00000 -0.00000 
3.14159 0.00000 0.00000 -0.00000 
3.14159 0.00000 0.00000 -0.00000 
3.14159 0.00000 0.00000 -0.00000 
3.14159 0.00000 0.00000 -0.00000 
3.14159 0.00000 0.00000 -0.00000 
3.14159 0.00000 0.00000 -0.00000 
3.14159 0.00000 0.00000 -0.00000 
3.14159 0.00000 0.00000 -0.00000 
3.14159 0.00000 0.00000 -0.00000 
3.14159 0.00000 0.00000 -0.00000 
3.14159 0.00000 0.00000 -0.00000 
3.14159 0.00000 0.00000 -0.00000 
3.14159 0.00000 0.00000 -0.00000 
3.14159 0.00000 0.00000 -0.00000 
3.14159 0.00000 0.00000 -0.00000 
3.14159 0.00000 0.00000 -0.00000 
3.14159 0.00000 0.00000 -0.00000 
3.14159 0.00000 0.00000 -0.00000 
3.14159 0.00000 0.00000 -0.00000 
3.14159 0.00000 0.00000 -0.00000 
3.14159 0.00000 0.00000 -0.00000 
3.14159 0.00000 0.00000 -0.00000 
3.14159 0.00000 0.00000 -0.00000 
3.14159 0.00000 0.00000 -0.00000 
3.14159 0.00000 0.00000 -0.00000 
3.14159 0.00000 0.00000 -0.00000 
3.14159 0.00000 0.00000 -0.00000 
3.14159 0.00000 0.00000 -0.00000 
3.14159 0.00000 0.00000 -0.00000 
3.14159 0.00000 0.00000 -0.00000 
3.14159 0.00000 0.00000 -0.00000 
3.14159 0.00000 0.00000 -0.00000 
3.14159 0.00000 0.00000 -0.00000 
3.14159 0.00000 0.00000 -0.00000 
3.14159 0.00000 0.00000 -0.00000 
3.14159 0.00000 0.00000 -0.00000 
3.14159 0.00000 0.00000 -0.00000 
3.14159 0.00000 0.00000 -0.00000 
3.14159 0.00000 0.00000 -0.00000 
3.14159 0.00000 0.00000 -0.00000 
3.14159 0.00000 0.00000 -0.00000 
3.14159 0.00000 0.00000 -0.00000 
3.14159 0.00000 0.00000 -0.00000 
3.14159 0.00000 0.00000 -0.00000 
3.14159 0.00000 0.00000 -0.00000 
3.14159 0.00000 0.00000 -0.00000 
3.14159 0.00000 0.00000 -0.00000 
3.14159 0.00000 0.00000 -0.00000 
3.14159 0.00000 0.00000 -0.00000 
3.14159 0.00000 0.00000 -0.00000 
3.14159 0.00000 0.00000 -0.00000 
3.14159 0.00000 0.00000 -0.00000 
3.14159 0.00000 0.00000 -0.00000 
3.14159 0.00000 0.00000 -0.00000 
3.14159 0.00000 0.00000 -0.00000 
3.14159 0.00000 0.00000 -0.00000 
3.14159 0.00000 0.00000 -0.00000 
3.14159 0.00000 0.00000 -0.00000 
3.14159 0.00000 0.00000 -0.00000 
3.14159 0.00000 0.00000 -0.00000 
3.14159 0.00000 0.00000 -0.00000 
3.14159 0.00000 0.00000 -0.00000 
3.14159 0.00000 0.00000 -0.00000 
3.14159 0.00000 0.00000 -0.00000 
3.14159 0.00000 0.00000 -0.00000 
3.14159 0.00000 0.00000 -0.00000 
3.14159 0.00000 0.00000 -0.00000 
3.14159 0.00000 0.00000 -0.00000 
3.14159 0.00000 0.00000 -0.00000 
3.14159 0.00000 0.00000 -0.00000 
3.14159 0.00000 0.00000 -0.00000 
3.14159 0.00000 0.00000 -0.00000 
3.14159 0.00000 0.00000 -0.00000 
3.14159 0.00000 0.00000 -0.00000 
3.14159 0.00000 0.00000 -0.00000 
3.14159 0.00000 0.00000 -0.00000 
3.14159 0.00000 0.00000 -0.00000 
3.14159 0.00000 0.00000 -0.00000 
3.14159 0.00000 0.00000 -0.00000 
3.14159 0.00000 0.00000 -0.00000 
3.14159 0.00000 0.00000 -0.00000 
3.14159 0.00000 0.00000 -0.00000 
3.14159 0.00000 0.00000 -0.00000 
3.14159 0.00000 0.00000 -0.00000 
3.14159 0.00000 0.00000 -0.00000 
3.14159 0.00000 0.00000 -0.00000 
3.14159 0.00000 0.00000 -0.00000 
3.14159 0.00000 0.00000 -0.00000 
3.14159 0.00000 0.00000 -0.00000 
3.14159 0.00000 0.00000 -0.00000 
3.14159 0.00000 0.00000 -0.00000 
3.14159 0.00000 0.00000 -0.00000 
3.14159 0.00000 0.00000 -0.00000 
3.14159 0.00000 0.00000 -0.00000 
3.14159 0.00000 0.00000 -0.00000 
3.14159 0.00000 0.00000 -0.00000 
3.14159 0.00000 0.00000 -0.00000 
3.14159 0.00000 0.00000 -0.00000 
3.14159 0.00000 0.00000 -0.00000 
3.14159 0.00000 0.00000 -0.00000 
3.14159 0.00000 0.00000 -0.00000 
3.14159 0.00000 0.00000 -0.00000 
3.14159 0.00000 0.00000 -0.00000 
3.14159 0.00000 0.00000 -0.00000 
3.14159 0.00000 0.00000 -0.00000 
3.14159 0.00000 0.00000 -0.00000 
3.14159 0.00000 0.00000 -0.00000 
3.14159 0.00000 0.00000 -0.00000 
3.14159 0.00000 0.00000 -0.00000 
3.14159 0.00000 0.00000 -0.00000 
3.14159 0.00000 0.00000 -0.00000 
3.14159 0.00000 0.00000 -0.00000 
3.14159 0.00000 0.00000 -0.00000 
3.14159 0.00000 0.00000 -0.00000 
3.14159 0.00000 0.00000 -0.00000 
3.14159 0.00000 0.00000 -0.00000 
3.14159 0.00000 0.00000 -0.00000 
3.14159 0.00000 0.00000 -0.00000 
3.14159 0.00000 0.00000 -0.00000 
3.14159 0.00000 0.00000 -0.00000 
3.14159 0.00000 0.00000 -0.00000 
3.14159 0.00000 0.00000 -0.00000 
3.14159 0.00000 0.00000 -0.00000 
3.14159 0.00000 0.00000 -0.00000 
3.14159 0.00000 0.00000 -0.00000 
3.14159 0.00000 0.00000 -0.00000 
3.14159 0.00000 0.00000 -0.00000 
3.14159 0.00000 0.00000 -0.00000 
3.14159 0.00000 0.00000 -0.00000 
3.14159 0.00000 0.00000 -0.00000 
3.14159 0.00000 0.00000 -0.00000 
3.14159 0.00000 0.00000 -0.00000 
3.14159 0.00000 0.00000 -0.00000 
3.14159 0.00000 0.00000 -0.00000 
3.14159 0.00000 0.00000 -0.00000 
3.14159 0.00000 0.00000 -0.00000 
3.14159 0.00000 0.00000 -0.00000 
3.14159 0.00000 0.00000 -0.00000 
3.14159 0.00000 0.00000 -0.00000 
3.14159 0.00000 0.00000 -0.00000 
3.14159 0.00000 0.00000 -0.00000 
3.14159 0.00000 0.00000 -0.00000 
3.14159 0.00000 0.00000 -0.00000 
3.14159 0.00000 0.00000 -0.00000 
3.14159 0.00000 0.00000 -0.00000 
3.14159 0.00000 0.00000 -0.00000 
3.14159 0.00000 0.00000 -0.00000 
3.14159 0.00000 0.00000 -0.00000 
3.14159 0.00000 0.00000 -0.00000 
3.14159 0.00000 0.00000 -0.00000 
3.14159 0.00000 0.00000 -0.00000 
3.14159 0.00000 0.00000 -0.00000 
3.14159 0.00000 0.00000 -0.00000 
3.14159 0.00000 0.00000 -0.00000 
3.14159 0.00000 0.00000 -0.00000 
3.14159 0.00000 0.00000 -0.00000 
3.14159 0.00000 0.00000 -0.00000 
3.14159 0.00000 0.00000 -0.00000 
3.14159 0.00000 0.00000 -0.00000 
3.14159 0.00000 0.00000 -0.00000 
3.14159 0.00000 0.00000 -0.00000 
3.14159 0.00000 0.00000 -0.00000 
3.14159 0.00000 0.00000 -0.00000 
3.14159 0.00000 0.00000 -0.00000 
3.14159 0.00000 0.00000 -0.00000 
3.14159 0.00000 0.00000 -0.00000 
3.14159 0.00000 0.00000 -0.00000 
3.14159 0.00000 0.00000 -0.00000 
3.14159 0.00000 0.00000 -0.00000 
3.14159 0.00000 0.00000 -0.00000 
3.14159 0.00000 0.00000 -0.00000 
3.14159 0.00000 0.00000 -0.00000 
3.14159 0.00000 0.00000 -0.00000 
3.14159 0.00000 0.00000 -0.00000 
3.14159 0.00000 0.00000 -0.00000 
3.14159 0.00000 0.00000 -0.00000 
3.14159 0.00000 0.00000 -0.00000 
3.14159 0.00000 0.00000 -0.00000 
3.14159 0.00000 0.00000 -0.00000 
3.14159 0.00000 0.00000 -0.00000 
3.14159 0.00000 0.00000 -0.00000 
3.14159 0.00000 0.00000 -0.00000 
3.14159 0.00000 0.00000 -0.00000 
3.14159 0.00000 0.00000 -0.00000 
3.14159 0.00000 0.00000 -0.00000 
3.14159 0.00000 0.00000 -0.00000 
3.14159 0.00000 0.00000 -0.00000 
3.14159 0.00000 0.00000 -0.00000 
3.14159 0.00000 0.00000 -0.00000 
3.14159 0.00000 0.00000 -0.00000 
3.14159 0.00000 0.00000 -0.00000 
3.14159 0.00000 0.00000 -0.00000 
3.14159 0.00000 0.00000 -0.00000 
3.14159 0.00000 0.00000 -0.00000 
3.14159 0.00000 0.00000 -0.00000 
3.14159 0.00000 0.00000 -0.00000 
3.14159 0.00000 0.00000 -0.00000 
3.14159 0.00000 0.00000 -0.00000 
3.14159 0.00000 0.00000 -0.00000 
3.14159 0.00000 0.00000 -0.00000 
3.14159 0.00000 0.00000 -0.00000 
3.14159 0.00000 0.00000 -0.00000 
3.14159 0.00000 0.00000 -0.00000 
3.14159 0.00000 0.00000 -0.00000 
3.14159 0.00000 0.00000 -0.00000 
3.14159 0.00000 0.00000 -0.00000 
3.14159 0.00000 0.00000 -0.00000 
3.14159 0.00000 0.00000 -0.00000 
3.14159 0.00000 0.00000 -0.00000 
3.14159 0.00000 0.00000 -0.00000 
3.14159 0.00000 0.00000 -0.00000 
3.14159 0.00000 0.00000 -0.00000 
3.14159 0.00000 0.00000 -0.00000 
3.14159 0.00000 0.00000 -0.00000 
3.14159 0.00000 0.00000 -0.00000 
3.14159 0.00000 0.00000 -0.00000 
3.14159 0.00000 0.00000 -0.00000 
3.14159 0.00000 0.00000 -0.00000 
3.14159 0.00000 0.00000 -0.00000 
3.14159 0.00000 0.00000 -0.00000 
3.14159 0.00000 0.00000 -0.00000 
3.14159 0.00000 0.00000 -0.00000 
3.14159 0.00000 0.00000 -0.00000 
3.14159 0.00000 0.00000 -0.00000 
3.14159 0.00000 0.00000 -0.00000 
3.14159 0.00000 0.00000 -0.00000 
3.14159 0.00000 0.00000 -0.00000 
3.14159 0.00000 0.00000 -0.00000 
3.14159 0.00000 0.00000 -0.00000 

