0.00000 0.00000 0.00000 0.00000 
6.28288 0.00062 -0.30041 0.62272 
6.28198 0.00249 -0.60071 1.24522 
6.28048 0.00560 -0.90078 1.86726 
6.27838 0.00996 -1.20050 2.48860 
6.27568 0.01556 -1.49972 3.10894 
6.27238 0.02239 -1.79827 3.72793 
6.26849 0.03047 -2.09594 4.34516 
6.26400 0.03977 -2.39250 4.96017 
6.25892 0.05031 -2.68768 5.57238 
6.25325 0.06206 -2.98115 6.18115 
6.24700 0.07503 -3.27254 6.78572 
6.24016 0.08920 -3.56143 7.38524 
6.23275 0.10457 -3.84734 7.97875 
6.22477 0.12111 -4.12976 8.56518 
6.21624 0.13882 -4.40810 9.14336 
6.20715 0.15768 -4.68174 9.71203 
6.19751 0.17766 -4.95002 10.26985 
6.18735 0.19875 -5.21225 10.81539 
6.17667 0.22091 -5.46771 11.34721 
6.16548 0.24413 -5.71567 11.86383 
6.15381 0.26836 -5.95542 12.36379 
6.14167 0.29357 -6.18624 12.84568 
6.12907 0.31973 -6.40748 13.30814 
6.11604 0.34679 -6.61852 13.74994 
6.10261 0.37471 -6.81881 14.16997 
6.08878 0.40345 -7.00789 14.56731 
6.07458 0.43297 -7.18539 14.94121 
6.06004 0.46320 -7.35102 15.29114 
6.04519 0.49411 -7.50463 15.61677 
6.03003 0.52565 -7.64614 15.91801 
6.01461 0.55777 -7.77561 16.19498 
5.99894 0.59042 -7.89319 16.44802 
5.98304 0.62355 -7.99911 16.67765 
5.96695 0.65711 -8.09370 16.88458 
5.95068 0.69107 -8.17737 17.06964 
5.93425 0.72538 -8.25056 17.23383 
5.91768 0.75999 -8.31379 17.37820 
5.90100 0.79488 -8.36759 17.50392 
5.88422 0.83000 -8.41254 17.61217 
5.86735 0.86532 -8.44921 17.70418 
5.85042 0.90080 -8.47818 17.78118 
5.83345 0.93643 -8.50002 17.84437 
5.81643 0.97217 -8.51529 17.89496 
5.79939 1.00800 -8.52453 17.93409 
5.78233 1.04390 -8.52827 17.96286 
5.76528 1.07985 -8.52698 17.98233 
5.74823 1.11583 -8.52113 17.99348 
5.73120 1.15182 -8.51115 17.99726 
5.71419 1.18781 -8.49743 17.99452 
5.69721 1.22379 -8.48035 17.98608 
5.68027 1.25975 -8.46024 17.97268 
5.66337 1.29568 -8.43740 17.95501 
5.64652 1.33157 -8.41211 17.93370 
5.62972 1.36741 -8.38463 17.90933 
5.61298 1.40320 -8.35518 17.88242 
5.59630 1.43894 -8.32396 17.85346 
5.57969 1.47462 -8.29114 17.82289 
5.56314 1.51023 -8.25689 17.79109 
5.54666 1.54578 -8.22134 17.75844 
5.53026 1.58127 -8.18460 17.72526 
5.51392 1.61668 -8.14679 17.69183 
5.49767 1.65203 -8.10799 17.65844 
5.48149 1.68732 -8.06828 17.62532 
5.46540 1.72253 -8.02771 17.59269 
5.44938 1.75769 -7.98633 17.56075 
5.43345 1.79278 -7.94419 17.52967 
5.41761 1.82781 -7.90132 17.49963 
5.40185 1.86278 -7.85775 17.47076 
5.38618 1.89769 -7.81348 17.44320 
5.37059 1.93255 -7.76852 17.41707 
5.35510 1.96736 -7.72290 17.39249 
5.33970 2.00212 -7.67661 17.36956 
5.32440 2.03684 -7.62965 17.34836 
5.30918 2.07152 -7.58202 17.32900 
5.29407 2.10616 -7.53373 17.31154 
5.27905 2.14076 -7.48477 17.29607 
5.26413 2.17534 -7.43516 17.28265 
5.24931 2.20990 -7.38491 17.27136 
5.23459 2.24443 -7.33402 17.26226 
5.21997 2.27895 -7.28254 17.25540 
5.20546 2.31345 -7.23049 17.25085 
5.19105 2.34795 -7.17793 17.24867 
5.17675 2.38245 -7.12491 17.24892 
5.16255 2.41695 -7.07153 17.25165 
5.14846 2.45146 -7.01786 17.25692 
5.13448 2.48598 -6.96405 17.26479 
5.12061 2.52052 -6.91022 17.27531 
5.10684 2.55508 -6.85656 17.28856 
5.09318 2.58967 -6.80324 17.30458 
5.07963 2.62430 -6.75051 17.32345 
5.06618 2.65897 -6.69861 17.34522 
5.05283 2.69368 -6.64782 17.36998 
5.03959 2.72845 -6.59846 17.39780 
5.02644 2.76328 -6.55087 17.42874 
5.01338 2.79817 -6.50543 17.46290 
5.00041 2.83313 -6.46253 17.50036 
4.98753 2.86817 -6.42258 17.54120 
4.97472 2.90330 -6.38603 17.58554 
4.96198 2.93852 -6.35330 17.63347 
4.94930 2.97384 -6.32485 17.68509 
4.93668 3.00926 -6.30113 17.74053 
4.92410 3.04480 -6.28257 17.79990 
4.91155 3.08046 -6.26959 17.86335 
4.89901 3.11626 -6.26257 17.93100 
4.88649 3.15219 -6.26187 18.00300 
4.87396 3.18827 -6.26781 18.07951 
4.86141 3.22451 -6.28067 18.16070 
4.84883 3.26092 -6.30066 18.24674 
4.83621 3.29750 -6.32796 18.33782 
4.82352 3.33427 -6.36269 18.43413 
4.81075 3.37124 -6.40492 18.53590 
4.79789 3.40842 -6.45468 18.64335 
4.78503 3.44558 -6.40763 18.51775 
4.77226 3.48249 -6.36591 18.39614 
4.75956 3.51917 -6.32904 18.27834 
4.74694 3.55561 -6.29654 18.16418 
4.73438 3.59183 -6.26794 18.05349 
4.72187 3.62782 -6.24279 17.94611 
4.70940 3.66361 -6.22066 17.84190 
4.69698 3.69919 -6.20116 17.74070 
4.68460 3.73458 -6.18390 17.64238 
4.67224 3.76977 -6.16855 17.54679 
4.65992 3.80477 -6.15480 17.45380 
4.64762 3.83958 -6.14234 17.36327 
4.63535 3.87422 -6.13094 17.27508 
4.62310 3.90868 -6.12035 17.18910 
4.61087 3.94298 -6.11036 17.10522 
4.59866 3.97711 -6.10080 17.02330 
4.58647 4.01107 -6.09148 16.94323 
4.57429 4.04488 -6.08227 16.86489 
4.56214 4.07853 -6.07304 16.78817 
4.55000 4.11203 -6.06367 16.71294 
4.53788 4.14539 -6.05404 16.63909 
4.52578 4.17859 -6.04408 16.56650 
4.51371 4.21165 -6.03370 16.49506 
4.50165 4.24457 -6.02282 16.42465 
4.48962 4.27735 -6.01136 16.35515 
4.47761 4.30999 -5.99928 16.28644 
4.46562 4.34250 -5.98650 16.21840 
4.45366 4.37487 -5.97297 16.15090 
4.44173 4.40710 -5.95863 16.08382 
4.42983 4.43920 -5.94344 16.01702 
4.41795 4.47117 -5.92733 15.95038 
4.40612 4.50300 -5.91026 15.88376 
4.39431 4.53471 -5.89217 15.81701 
4.38255 4.56627 -5.87301 15.75000 
4.37082 4.59771 -5.85272 15.68256 
4.35914 4.62900 -5.83124 15.61455 
4.34750 4.66016 -5.80851 15.54581 
4.33591 4.69118 -5.78448 15.47618 
4.32436 4.72207 -5.75906 15.40547 
4.31287 4.75281 -5.73220 15.33351 
4.30143 4.78340 -5.70382 15.26012 
4.29006 4.81385 -5.67384 15.18511 
4.27874 4.84414 -5.64218 15.10829 
4.26749 4.87428 -5.60876 15.02944 
4.25631 4.90426 -5.57349 14.94836 
4.24520 4.93407 -5.53628 14.86483 
4.23416 4.96371 -5.49703 14.77863 
4.22321 4.99318 -5.45565 14.68954 
4.21234 5.02247 -5.41203 14.59731 
4.20156 5.05157 -5.36607 14.50171 
4.19088 5.08047 -5.31765 14.40250 
4.18029 5.10918 -5.26668 14.29942 
4.16981 5.13767 -5.21302 14.19223 
4.15944 5.16594 -5.15658 14.08067 
4.14919 5.19399 -5.09724 13.96450 
4.13906 5.22180 -5.03488 13.84347 
4.12905 5.24936 -4.96939 13.71732 
4.11918 5.27666 -4.90065 13.58581 
4.10945 5.30370 -4.82857 13.44870 
4.09987 5.33045 -4.75303 13.30577 
4.09044 5.35692 -4.67393 13.15680 
4.08118 5.38308 -4.59118 13.00158 
4.07208 5.40892 -4.50470 12.83993 
4.06316 5.43443 -4.41440 12.67165 
4.05442 5.45960 -4.32021 12.49662 
4.04588 5.48441 -4.22207 12.31468 
4.03754 5.50886 -4.11995 12.12574 
4.02940 5.53291 -4.01380 11.92970 
4.02149 5.55657 -3.90360 11.72652 
4.01379 5.57981 -3.78935 11.51617 
4.00633 5.60263 -3.67105 11.29864 
3.99911 5.62500 -3.54873 11.07398 
3.99214 5.64692 -3.42242 10.84224 
3.98542 5.66837 -3.29217 10.60352 
3.97897 5.68933 -3.15806 10.35795 
3.97279 5.70979 -3.02016 10.10566 
3.96690 5.72975 -2.87858 9.84685 
3.96128 5.74918 -2.73341 9.58171 
3.95596 5.76807 -2.58477 9.31047 
3.95095 5.78642 -2.43280 9.03338 
3.94623 5.80420 -2.27764 8.75071 
3.94184 5.82141 -2.11941 8.46271 
3.93776 5.83805 -1.95829 8.16970 
3.93401 5.85409 -1.79441 7.87196 
3.93058 5.86953 -1.62794 7.56980 
3.92750 5.88437 -1.45904 7.26352 
3.92475 5.89858 -1.28785 6.95341 
3.92235 5.91218 -1.11454 6.63979 
3.92029 5.92514 -0.93926 6.32293 
3.91859 5.93747 -0.76215 6.00313 
3.91724 5.94915 -0.58335 5.68065 
3.91626 5.96019 -0.40300 5.35576 
3.91563 5.97057 -0.22123 5.02870 
3.91537 5.98030 -0.03816 4.69970 
3.91548 5.98937 0.14609 4.36899 
3.91596 5.99778 0.33143 4.03677 
3.91681 6.00552 0.51775 3.70323 
3.91803 6.01259 0.70496 3.36854 
3.91963 6.01899 0.89297 3.03287 
3.92160 6.02472 1.08172 2.69635 
3.92396 6.02978 1.27114 2.35914 
3.92669 6.03416 1.46115 2.02135 
3.92980 6.03786 1.65170 1.68310 
3.93329 6.04089 1.84273 1.34451 
3.93717 6.04324 2.03421 1.00567 
3.94143 6.04491 2.22607 0.66668 
3.94608 6.04591 2.41829 0.32765 
3.95111 6.04622 2.61081 -0.01134 
3.95652 6.04586 2.80359 -0.35018 
3.96232 6.04482 2.99659 -0.68878 
3.96851 6.04311 3.18977 -1.02704 
3.97508 6.04071 3.38309 -1.36483 
3.98204 6.03765 3.57650 -1.70205 
3.98938 6.03391 3.76994 -2.03857 
3.99712 6.02949 3.96337 -2.37423 
4.00524 6.02441 4.15673 -2.70890 
4.01405 6.01803 4.65403 -3.67266 
4.02385 6.00972 5.14972 -4.63141 
4.03465 5.99951 5.64312 -5.58363 
4.04642 5.98739 6.13349 -6.52762 
4.05918 5.97340 6.62003 -7.46156 
4.07290 5.95756 7.10186 -8.38341 
4.08758 5.93988 7.57803 -9.29100 
4.10321 5.92040 8.04753 -10.18197 
4.11977 5.89916 8.50930 -11.05388 
4.13724 5.87620 8.96225 -11.90417 
4.15561 5.85156 9.40531 -12.73028 
4.17485 5.82530 9.83740 -13.52966 
4.19495 5.79746 10.25752 -14.29989 
4.21588 5.76812 10.66477 -15.03869 
4.23760 5.73733 11.05833 -15.74403 
4.26010 5.70517 11.43760 -16.41417 
4.28334 5.67170 11.80208 -17.04774 
4.30730 5.63700 12.15154 -17.64371 
4.33194 5.60115 12.48589 -18.20151 
4.35723 5.56422 12.80528 -18.72095 
4.38315 5.52629 13.11008 -19.20225 
4.40966 5.48744 13.40080 -19.64602 
4.43674 5.44773 13.67817 -20.05318 
4.46437 5.40725 13.94304 -20.42497 
4.49251 5.36605 14.19641 -20.76288 
4.52114 5.32422 14.43937 -21.06856 
4.55026 5.28180 14.67309 -21.34382 
4.57983 5.23886 14.89880 -21.59054 
4.60985 5.19546 15.11774 -21.81066 
4.64030 5.15163 15.33121 -22.00612 
4.67117 5.10745 15.54046 -22.17880 
4.70246 5.06293 15.74675 -22.33057 
4.73416 5.01814 15.95133 -22.46317 
4.76626 4.97309 16.15540 -22.57829 
4.79878 4.92783 16.36013 -22.67748 
4.83171 4.88239 16.56666 -22.76219 
4.86505 4.83679 16.77607 -22.83377 
4.89881 4.79107 16.98941 -22.89344 
4.93301 4.74523 17.20771 -22.94231 
4.96765 4.69930 17.43191 -22.98139 
5.00274 4.65331 17.66294 -23.01159 
5.03830 4.60726 17.90167 -23.03371 
5.07435 4.56118 18.14892 -23.04848 
5.11091 4.51507 18.40548 -23.05656 
5.14798 4.46896 18.67204 -23.05853 
5.18560 4.42284 18.94926 -23.05490 
5.22379 4.37674 19.23772 -23.04617 
5.26256 4.33066 19.53790 -23.03277 
5.30195 4.28461 19.85019 -23.01512 
5.34197 4.23860 20.17488 -22.99362 
5.38265 4.19264 20.51211 -22.96871 
5.42403 4.14673 20.86186 -22.94079 
5.46611 4.10088 21.22394 -22.91035 
5.50893 4.05509 21.59798 -22.87788 
5.55251 4.00937 21.98335 -22.84399 
5.59687 3.96371 22.37917 -22.80932 
5.64203 3.91813 22.78428 -22.77467 
5.68801 3.87261 23.19722 -22.74092 
5.73482 3.82716 23.61619 -22.70909 
5.78248 3.78178 24.03905 -22.68037 
5.83098 3.73644 24.46329 -22.65611 
5.88033 3.69115 24.88606 -22.63780 
5.93052 3.64588 25.30415 -22.62712 
5.98154 3.60063 25.71406 -22.62592 
6.03337 3.55537 26.11197 -22.63616 
6.08598 3.51008 26.49386 -22.65996 
6.13933 3.46472 26.85555 -22.69951 
6.19339 3.41927 27.19280 -22.75706 
6.24809 3.37368 27.50141 -22.83483 
0.01997 3.32840 27.56428 -22.44758 
0.07513 3.28387 27.59002 -22.08683 
0.13031 3.24004 27.57739 -21.75266 
0.18542 3.19684 27.52589 -21.44491 
0.24038 3.15424 27.43570 -21.16320 
0.29513 3.11217 27.30766 -20.90684 
0.34959 3.07060 27.14315 -20.67494 
0.40368 3.02946 26.94406 -20.46635 
0.45735 2.98872 26.71266 -20.27974 
0.51051 2.94833 26.45153 -20.11359 
0.56313 2.90825 26.16348 -19.96628 
0.61515 2.86845 25.85147 -19.83606 
0.66653 2.82890 25.51852 -19.72115 
0.71721 2.78956 25.16766 -19.61975 
0.76719 2.75041 24.80190 -19.53006 
0.81641 2.71143 24.42411 -19.45034 
0.86488 2.67260 24.03705 -19.37891 
0.91256 2.63391 23.64331 -19.31417 
0.95945 2.59534 23.24527 -19.25461 
1.00554 2.55689 22.84511 -19.19885 
1.05083 2.51854 22.44480 -19.14559 
1.09532 2.48031 22.04606 -19.09367 
1.13901 2.44217 21.65042 -19.04202 
1.18192 2.40414 21.25916 -18.98967 
1.22405 2.36621 20.87336 -18.93578 
1.26542 2.32840 20.49392 -18.87955 
1.30603 2.29070 20.12154 -18.82031 
1.34591 2.25312 19.75674 -18.75742 
1.38507 2.21567 19.39991 -18.69033 
1.42352 2.17836 19.05128 -18.61852 
1.46128 2.14120 18.71097 -18.54152 
1.49837 2.10420 18.37897 -18.45891 
1.53480 2.06737 18.05519 -18.37028 
1.57059 2.03072 17.73947 -18.27524 
1.60576 1.99427 17.43154 -18.17342 
1.64032 1.95803 17.13110 -18.06445 
1.67429 1.92202 16.83779 -17.94797 
1.70768 1.88624 16.55120 -17.82362 
1.74050 1.85073 16.27089 -17.69101 
1.77277 1.81549 15.99640 -17.54979 
1.80449 1.78054 15.72723 -17.39956 
1.83568 1.74589 15.46287 -17.23993 
1.86634 1.71158 15.20281 -17.07048 
1.89649 1.67762 14.94650 -16.89081 
1.92613 1.64403 14.69342 -16.70047 
1.95527 1.61082 14.44302 -16.49904 
1.98390 1.57804 14.19477 -16.28606 
2.01205 1.54569 13.94814 -16.06108 
2.03970 1.51380 13.70259 -15.82366 
2.06696 1.48219 13.55821 -15.78727 
2.09393 1.45066 13.41681 -15.74594 
2.12063 1.41921 13.27810 -15.69948 
2.14705 1.38786 13.14182 -15.64768 
2.17320 1.35662 13.00769 -15.59032 
2.19908 1.32550 12.87542 -15.52713 
2.22470 1.29452 12.74473 -15.45788 
2.25006 1.26368 12.61533 -15.38229 
2.27516 1.23299 12.48692 -15.30007 
2.30001 1.20248 12.35923 -15.21092 
2.32460 1.17215 12.23196 -15.11454 
2.34893 1.14203 12.10481 -15.01060 
2.37302 1.11212 11.97750 -14.89879 
2.39684 1.08244 11.84974 -14.77879 
2.42042 1.05301 11.72125 -14.65025 
2.44373 1.02384 11.59176 -14.51286 
2.46678 0.99496 11.46099 -14.36630 
2.48957 0.96638 11.32868 -14.21026 
2.51210 0.93813 11.19458 -14.04444 
2.53435 0.91021 11.05846 -13.86858 
2.55633 0.88266 10.92010 -13.68240 
2.57803 0.85549 10.77928 -13.48570 
2.59944 0.82873 10.63581 -13.27827 
2.62057 0.80238 10.48954 -13.05997 
2.64140 0.77649 10.34032 -12.83066 
2.66193 0.75107 10.18802 -12.59027 

