0.00000 3.14159 0.00000 0.00000 
0.00007 3.14144 0.06743 -0.15645 
0.00027 3.14097 0.13484 -0.31291 
0.00061 3.14018 0.20220 -0.46937 
0.00108 3.13909 0.26948 -0.62583 
0.00168 3.13768 0.33665 -0.78230 
0.00242 3.13596 0.40370 -0.93877 
0.00330 3.13393 0.47059 -1.09526 
0.00431 3.13158 0.53730 -1.25175 
0.00545 3.12892 0.60381 -1.40827 
0.00672 3.12595 0.67008 -1.56480 
0.00813 3.12266 0.73611 -1.72135 
0.00967 3.11906 0.80186 -1.87793 
0.01134 3.11515 0.86731 -2.03454 
0.01314 3.11092 0.93244 -2.19119 
0.01507 3.10638 0.99723 -2.34789 
0.01712 3.10153 1.06166 -2.50463 
0.01931 3.09636 1.12571 -2.66143 
0.02163 3.09089 1.18936 -2.81830 
0.02407 3.08509 1.25259 -2.97525 
0.02664 3.07898 1.31540 -3.13228 
0.02933 3.07256 1.37775 -3.28942 
0.03215 3.06583 1.43965 -3.44666 
0.03509 3.05878 1.50107 -3.60404 
0.03815 3.05141 1.56201 -3.76155 
0.04134 3.04373 1.62247 -3.91923 
0.04464 3.03573 1.68243 -4.07708 
0.04807 3.02742 1.74189 -4.23513 
0.05161 3.01879 1.80085 -4.39339 
0.05527 3.00985 1.85931 -4.55189 
0.05905 3.00058 1.91727 -4.71066 
0.06294 2.99100 1.97474 -4.86972 
0.06694 2.98111 2.03174 -5.02909 
0.07106 2.97089 2.08826 -5.18880 
0.07530 2.96035 2.14433 -5.34890 
0.07964 2.94949 2.19996 -5.50940 
0.08410 2.93831 2.25518 -5.67035 
0.08866 2.92681 2.31001 -5.83178 
0.09334 2.91498 2.36448 -5.99374 
0.09812 2.90283 2.41863 -6.15625 
0.10301 2.89036 2.47248 -6.31938 
0.10801 2.87756 2.52609 -6.48316 
0.11311 2.86443 2.57949 -6.64765 
0.11833 2.85097 2.63274 -6.81290 
0.12365 2.83717 2.68589 -6.97896 
0.12907 2.82305 2.73900 -7.14589 
0.13448 2.80887 2.67192 -7.03837 
0.13976 2.79490 2.60406 -6.93083 
0.14490 2.78114 2.53545 -6.82327 
0.14990 2.76760 2.46612 -6.71567 
0.15476 2.75428 2.39607 -6.60800 
0.15948 2.74117 2.32533 -6.50026 
0.16406 2.72828 2.25393 -6.39244 
0.16850 2.71560 2.18188 -6.28451 
0.17279 2.70314 2.10920 -6.17647 
0.17693 2.69090 2.03591 -6.06831 
0.18093 2.67887 1.96202 -5.96002 
0.18478 2.66706 1.88757 -5.85160 
0.18848 2.65546 1.81256 -5.74303 
0.19203 2.64408 1.73701 -5.63431 
0.19543 2.63292 1.66094 -5.52545 
0.19868 2.62198 1.58436 -5.41643 
0.20177 2.61126 1.50730 -5.30725 
0.20470 2.60075 1.42976 -5.19792 
0.20749 2.59047 1.35176 -5.08843 
0.21011 2.58040 1.27332 -4.97878 
0.21258 2.57055 1.19445 -4.86899 
0.21489 2.56092 1.11516 -4.75905 
0.21704 2.55152 1.03546 -4.64897 
0.21903 2.54233 0.95538 -4.53875 
0.22086 2.53336 0.87492 -4.42840 
0.22253 2.52461 0.79409 -4.31793 
0.22404 2.51609 0.71292 -4.20735 
0.22538 2.50778 0.63140 -4.09666 
0.22656 2.49970 0.54955 -3.98589 
0.22758 2.49184 0.46739 -3.87503 
0.22843 2.48420 0.38492 -3.76410 
0.22912 2.47678 0.30215 -3.65312 
0.22964 2.46959 0.21911 -3.54209 
0.22999 2.46262 0.13579 -3.43105 
0.23018 2.45587 0.05221 -3.31998 
0.23020 2.44934 -0.03162 -3.20893 
0.23006 2.44303 -0.11568 -3.09790 
0.22974 2.43694 -0.19997 -2.98691 
0.22926 2.43108 -0.28448 -2.87598 
0.22860 2.42544 -0.36920 -2.76513 
0.22778 2.42002 -0.45411 -2.65437 
0.22679 2.41482 -0.53920 -2.54374 
0.22562 2.40985 -0.62446 -2.43324 
0.22429 2.40509 -0.70989 -2.32291 
0.22278 2.40055 -0.79546 -2.21275 
0.22111 2.39624 -0.88118 -2.10281 
0.21926 2.39214 -0.96702 -1.99309 
0.21724 2.38827 -1.05298 -1.88362 
0.21505 2.38461 -1.13905 -1.77443 
0.21268 2.38117 -1.22521 -1.66554 
0.21014 2.37795 -1.31145 -1.55696 
0.20744 2.37494 -1.39776 -1.44874 
0.20455 2.37215 -1.48413 -1.34089 
0.20150 2.36958 -1.57056 -1.23343 
0.19827 2.36722 -1.65701 -1.12640 
0.19487 2.36507 -1.74350 -1.01981 
0.19130 2.36314 -1.82999 -0.91369 
0.18755 2.36142 -1.91649 -0.80807 
0.18363 2.35990 -2.00298 -0.70297 
0.17954 2.35860 -2.08944 -0.59842 
0.17527 2.35751 -2.17587 -0.49443 
0.17084 2.35663 -2.26225 -0.39105 
0.16622 2.35595 -2.34858 -0.28828 
0.16144 2.35547 -2.43484 -0.18616 
0.15649 2.35520 -2.52101 -0.08471 
0.15136 2.35513 -2.60709 0.01604 
0.14606 2.35526 -2.69306 0.11608 
0.14059 2.35560 -2.77891 0.21538 
0.13494 2.35613 -2.86463 0.31392 
0.12913 2.35685 -2.95021 0.41167 
0.12314 2.35777 -3.03563 0.50861 
0.11698 2.35889 -3.12089 0.60473 
0.11066 2.36019 -3.20596 0.69999 
0.10416 2.36168 -3.29084 0.79438 
0.09749 2.36337 -3.37551 0.88787 
0.09066 2.36524 -3.45996 0.98046 
0.08365 2.36729 -3.54419 1.07211 
0.07648 2.36952 -3.62816 1.16282 
0.06914 2.37194 -3.71188 1.25256 
0.06163 2.37453 -3.79533 1.34132 
0.05396 2.37730 -3.87850 1.42907 
0.04612 2.38025 -3.96137 1.51581 
0.03812 2.38337 -4.04393 1.60152 
0.02995 2.38665 -4.12617 1.68619 
0.02161 2.39011 -4.20807 1.76979 
0.01311 2.39373 -4.28962 1.85233 
0.00445 2.39752 -4.37081 1.93378 
6.27882 2.40147 -4.45162 2.01415 
6.26983 2.40557 -4.53203 2.09340 
6.26069 2.40984 -4.61205 2.17155 
6.25138 2.41426 -4.69164 2.24857 
6.24192 2.41883 -4.77079 2.32447 
6.23230 2.42356 -4.84950 2.39923 
6.22252 2.42843 -4.92774 2.47285 
6.21259 2.43345 -5.00550 2.54532 
6.20250 2.43861 -5.08276 2.61664 
6.19226 2.44391 -5.15952 2.68682 
6.18186 2.44936 -5.23574 2.75584 
6.17132 2.45494 -5.31143 2.82370 
6.16062 2.46065 -5.38655 2.89041 
6.14977 2.46650 -5.46110 2.95597 
6.13878 2.47247 -5.53506 3.02037 
6.12760 2.47864 -5.63710 3.14739 
6.11623 2.48506 -5.73876 3.27307 
6.10465 2.49173 -5.83999 3.39740 
6.09287 2.49865 -5.94078 3.52037 
6.08089 2.50581 -6.04110 3.64199 
6.06870 2.51322 -6.14092 3.76226 
6.05632 2.52086 -6.24022 3.88118 
6.04374 2.52874 -6.33896 3.99877 
6.03097 2.53686 -6.43711 4.11503 
6.01799 2.54520 -6.53465 4.22996 
6.00483 2.55377 -6.63155 4.34359 
5.99147 2.56257 -6.72777 4.45592 
5.97792 2.57160 -6.82327 4.56699 
5.96418 2.58084 -6.91803 4.67679 
5.95025 2.59030 -7.01200 4.78536 
5.93613 2.59998 -7.10516 4.89272 
5.92183 2.60987 -7.19745 4.99890 
5.90734 2.61998 -7.28884 5.10392 
5.89267 2.63029 -7.37929 5.20781 
5.87782 2.64081 -7.46876 5.31061 
5.86280 2.65153 -7.55719 5.41235 
5.84760 2.66246 -7.64454 5.51307 
5.83222 2.67358 -7.73077 5.61279 
5.81667 2.68491 -7.81582 5.71157 
5.80096 2.69643 -7.89964 5.80945 
5.78508 2.70814 -7.98217 5.90647 
5.76903 2.72005 -8.06337 6.00267 
5.75282 2.73215 -8.14317 6.09811 
5.73646 2.74445 -8.22152 6.19283 
5.71994 2.75693 -8.29835 6.28688 
5.70327 2.76959 -8.37360 6.38032 
5.68644 2.78245 -8.44721 6.47320 
5.66948 2.79549 -8.51911 6.56557 
5.65237 2.80871 -8.58925 6.65749 
5.63512 2.82211 -8.65755 6.74902 
5.61774 2.83570 -8.72394 6.84022 
5.60023 2.84948 -8.78836 6.93114 
5.58259 2.86343 -8.85074 7.02185 
5.56483 2.87756 -8.91101 7.11241 
5.54695 2.89188 -8.96911 7.20287 
5.52895 2.90637 -9.02496 7.29331 
5.51085 2.92105 -9.07849 7.38378 
5.49264 2.93591 -9.12966 7.47434 
5.47433 2.95095 -9.17838 7.56505 
5.45593 2.96617 -9.22460 7.65599 
5.43743 2.98157 -9.26827 7.74720 
5.41886 2.99716 -9.30932 7.83875 
5.40020 3.01293 -9.34771 7.93069 
5.38147 3.02888 -9.38339 8.02310 
5.36267 3.04502 -9.41631 8.11601 
5.34380 3.06135 -9.44645 8.20950 
5.32488 3.07786 -9.47377 8.30361 
5.30591 3.09456 -9.49824 8.39841 
5.28689 3.11145 -9.51985 8.49393 
5.26783 3.12854 -9.53860 8.59024 
5.24874 3.14581 -9.55448 8.68739 
5.22962 3.16329 -9.56751 8.78541 
5.21047 3.18096 -9.57769 8.88436 
5.19131 3.19883 -9.58507 8.98429 
5.17213 3.21689 -9.58967 9.08523 
5.15295 3.23517 -9.59156 9.18723 
5.13377 3.25364 -9.59079 9.29032 
5.11459 3.27233 -9.58744 9.39456 
5.09542 3.29122 -9.58158 9.49998 
5.07626 3.31033 -9.57333 9.60661 
5.05713 3.32965 -9.56278 9.71450 
5.03801 3.34919 -9.55006 9.82369 
5.01893 3.36895 -9.53530 9.93420 
4.99987 3.38893 -9.51864 10.04610 
4.98086 3.40913 -9.50024 10.15940 
4.96194 3.42942 -9.41570 10.12519 
4.94319 3.44963 -9.32986 10.09179 
4.92462 3.46978 -9.24290 10.05914 
4.90622 3.48987 -9.15500 10.02721 
4.88800 3.50989 -9.06635 9.99593 
4.86996 3.52985 -8.97711 9.96526 
4.85209 3.54975 -8.88746 9.93517 
4.83441 3.56960 -8.79755 9.90561 
4.81690 3.58938 -8.70754 9.87653 
4.79958 3.60910 -8.61756 9.84791 
4.78243 3.62877 -8.52775 9.81970 
4.76547 3.64838 -8.43824 9.79188 
4.74868 3.66794 -8.34915 9.76442 
4.73207 3.68744 -8.26057 9.73728 
4.71564 3.70689 -8.17262 9.71044 
4.69938 3.72628 -8.08539 9.68388 
4.68329 3.74562 -7.99895 9.65758 
4.66738 3.76491 -7.91339 9.63151 
4.65164 3.78415 -7.82878 9.60567 
4.63607 3.80333 -7.74518 9.58003 
4.62066 3.82247 -7.66264 9.55458 
4.60542 3.84155 -7.58122 9.52932 
4.59033 3.86059 -7.50095 9.50422 
4.57541 3.87957 -7.42187 9.47929 
4.56064 3.89850 -7.34401 9.45451 
4.54603 3.91739 -7.26740 9.42988 
4.53157 3.93622 -7.19206 9.40539 
4.51726 3.95501 -7.11801 9.38104 
4.50310 3.97375 -7.04526 9.35683 
4.48908 3.99244 -6.97382 9.33276 
4.47521 4.01108 -6.90369 9.30882 
4.46147 4.02967 -6.83488 9.28501 
4.44786 4.04822 -6.76738 9.26135 
4.43440 4.06672 -6.70120 9.23781 
4.42106 4.08517 -6.63633 9.21442 
4.40785 4.10358 -6.57275 9.19117 
4.39477 4.12193 -6.51047 9.16806 
4.38181 4.14025 -6.44946 9.14511 
4.36897 4.15851 -6.38972 9.12230 
4.35625 4.17674 -6.33124 9.09965 
4.34364 4.19491 -6.27399 9.07717 
4.33115 4.21305 -6.21796 9.05485 
4.31877 4.23113 -6.16314 9.03270 
4.30650 4.24918 -6.10951 9.01073 
4.29433 4.26718 -6.05705 8.98894 
4.28227 4.28513 -6.00574 8.96735 
4.27031 4.30305 -5.95557 8.94595 
4.25845 4.32092 -5.90651 8.92475 
4.24668 4.33874 -5.85855 8.90376 
4.23501 4.35653 -5.81166 8.88299 
4.22343 4.37428 -5.76584 8.86245 
4.21195 4.39198 -5.72105 8.84213 
4.20055 4.40965 -5.67729 8.82206 
4.18924 4.42727 -5.63453 8.80223 
4.17801 4.44485 -5.59276 8.78266 
4.16687 4.46240 -5.55195 8.76335 
4.15580 4.47991 -5.51210 8.74431 
4.14482 4.49738 -5.47318 8.72556 
4.13391 4.51481 -5.43517 8.70709 
4.12308 4.53221 -5.39807 8.68893 
4.11232 4.54957 -5.36186 8.67107 
4.10163 4.56689 -5.32652 8.65353 
4.09101 4.58418 -5.29203 8.63632 
4.08046 4.60144 -5.25839 8.61944 
4.06997 4.61866 -5.22558 8.60292 
4.05956 4.63585 -5.19358 8.58676 
4.04920 4.65301 -5.16239 8.57096 
4.03891 4.67013 -5.13199 8.55555 
4.02867 4.68723 -5.10238 8.54053 
4.01850 4.70430 -5.07353 8.52592 
4.00838 4.72133 -5.04545 8.51173 
3.99831 4.73834 -5.01812 8.49797 
3.98830 4.75532 -4.99153 8.48466 
3.97835 4.77228 -4.96568 8.47180 
3.96844 4.78921 -4.94056 8.45942 
3.95858 4.80612 -4.91615 8.44752 
3.94878 4.82300 -4.89246 8.43613 
3.93901 4.83986 -4.86949 8.42526 
3.92930 4.85670 -4.84721 8.41492 
3.91962 4.87352 -4.82564 8.40513 
3.90999 4.89033 -4.80476 8.39591 
3.90040 4.90711 -4.78458 8.38728 
3.89086 4.92387 -4.76509 8.37925 
3.88134 4.94063 -4.74629 8.37185 
3.87187 4.95736 -4.72817 8.36509 
3.86243 4.97409 -4.71075 8.35899 
3.85303 4.99080 -4.69401 8.35358 
3.84365 5.00750 -4.67796 8.34888 
3.83431 5.02420 -4.66260 8.34490 
3.82500 5.04088 -4.64794 8.34168 
3.81572 5.05756 -4.63397 8.33923 
3.80647 5.07424 -4.62070 8.33758 
3.79724 5.09091 -4.60813 8.33676 
3.78803 5.10759 -4.59627 8.33679 
3.77885 5.12426 -4.58512 8.33770 
3.76969 5.14094 -4.57469 8.33952 
3.76055 5.15762 -4.56499 8.34227 
3.75143 5.17431 -4.55602 8.34599 
3.74233 5.19100 -4.54779 8.35071 
3.73324 5.20771 -4.54031 8.35645 
3.72417 5.22443 -4.53359 8.36325 
3.71511 5.24116 -4.52763 8.37114 
3.70606 5.25792 -4.52246 8.38017 
3.69702 5.27469 -4.51808 8.39035 
3.68798 5.29148 -4.51450 8.40173 
3.67896 5.30829 -4.51173 8.41434 
3.66994 5.32514 -4.50980 8.42823 
3.66092 5.34201 -4.50870 8.44342 
3.65190 5.35891 -4.50846 8.45997 
3.64288 5.37585 -4.50909 8.47790 
3.63386 5.39282 -4.51061 8.49727 
3.62484 5.40984 -4.51302 8.51810 
3.61581 5.42690 -4.51636 8.54045 
3.60677 5.44400 -4.52063 8.56436 
3.59773 5.46116 -4.52585 8.58986 
3.58867 5.47836 -4.53204 8.61701 
3.57960 5.49562 -4.53921 8.64585 
3.57051 5.51295 -4.54739 8.67641 
3.56141 5.53033 -4.55659 8.70875 
3.55229 5.54778 -4.56683 8.74291 
3.54314 5.56530 -4.57813 8.77893 
3.53397 5.58290 -4.59051 8.81685 
3.52478 5.60057 -4.60397 8.85672 
3.51556 5.61833 -4.61855 8.89858 
3.50630 5.63617 -4.63426 8.94247 
3.49702 5.65410 -4.65111 8.98842 
3.48770 5.67212 -4.66911 9.03648 
3.47834 5.69025 -4.68829 9.08667 
3.46894 5.70847 -4.70866 9.13904 
3.45950 5.72680 -4.73022 9.19360 
3.45002 5.74525 -4.75299 9.25038 
3.44049 5.76381 -4.77697 9.30940 

