0.00000 0.00000 0.00000 0.00000 
0.00025 6.28266 0.25373 -0.52596 
0.00101 6.28108 0.50737 -1.05174 
0.00228 6.27845 0.76082 -1.57713 
0.00406 6.27477 1.01398 -2.10195 
0.00634 6.27005 1.26673 -2.62595 
0.00912 6.26427 1.51895 -3.14888 
0.01241 6.25745 1.77048 -3.67044 
0.01621 6.24959 2.02117 -4.19029 
0.02050 6.24069 2.27080 -4.70804 
0.02529 6.23076 2.51918 -5.22325 
0.03057 6.21980 2.76603 -5.73540 
0.03635 6.20782 3.01109 -6.24393 
0.04262 6.19483 3.25404 -6.74819 
0.04937 6.18083 3.49453 -7.24750 
0.05659 6.16584 3.73218 -7.74106 
0.06429 6.14987 3.96658 -8.22804 
0.07246 6.13293 4.19728 -8.70756 
0.08108 6.11505 4.42382 -9.17864 
0.09015 6.09623 4.64570 -9.64031 
0.09966 6.07649 4.86243 -10.09154 
0.10959 6.05587 5.07349 -10.53128 
0.11995 6.03438 5.27837 -10.95849 
0.13070 6.01204 5.47655 -11.37216 
0.14185 5.98890 5.66755 -11.77128 
0.15337 5.96497 5.85091 -12.15493 
0.16525 5.94029 6.02621 -12.52225 
0.17747 5.91489 6.19306 -12.87248 
0.19001 5.88881 6.35113 -13.20497 
0.20287 5.86208 6.50017 -13.51918 
0.21601 5.83474 6.63996 -13.81472 
0.22942 5.80684 6.77038 -14.09134 
0.24308 5.77839 6.89136 -14.34892 
0.25698 5.74945 7.00290 -14.58751 
0.27109 5.72005 7.10509 -14.80727 
0.28539 5.69024 7.19806 -15.00850 
0.29988 5.66003 7.28200 -15.19164 
0.31452 5.62948 7.35717 -15.35722 
0.32930 5.59862 7.42386 -15.50587 
0.34421 5.56747 7.48240 -15.63829 
0.35922 5.53607 7.53316 -15.75526 
0.37433 5.50446 7.57653 -15.85759 
0.38952 5.47265 7.61289 -15.94614 
0.40478 5.44068 7.64268 -16.02177 
0.42009 5.40857 7.66629 -16.08537 
0.43544 5.37635 7.68414 -16.13779 
0.45082 5.34403 7.69664 -16.17990 
0.46623 5.31163 7.70417 -16.21255 
0.48164 5.27918 7.70713 -16.23653 
0.49705 5.24669 7.70586 -16.25262 
0.51246 5.21418 7.70071 -16.26156 
0.52785 5.18165 7.69202 -16.26406 
0.54322 5.14913 7.68008 -16.26078 
0.55857 5.11661 7.66518 -16.25233 
0.57388 5.08412 7.64758 -16.23929 
0.58916 5.05166 7.62753 -16.22221 
0.60439 5.01923 7.60525 -16.20159 
0.61958 4.98685 7.58095 -16.17788 
0.63471 4.95452 7.55480 -16.15152 
0.64980 4.92225 7.52699 -16.12290 
0.66482 4.89003 7.49767 -16.09237 
0.67979 4.85788 7.46696 -16.06028 
0.69469 4.82579 7.43500 -16.02692 
0.70953 4.79377 7.40189 -15.99256 
0.72430 4.76182 7.36773 -15.95747 
0.73900 4.72994 7.33261 -15.92187 
0.75362 4.69814 7.29659 -15.88596 
0.76818 4.66640 7.25974 -15.84995 
0.78266 4.63474 7.22212 -15.81401 
0.79707 4.60314 7.18377 -15.77828 
0.81140 4.57162 7.14473 -15.74292 
0.82565 4.54017 7.10503 -15.70806 
0.83982 4.50879 7.06469 -15.67380 
0.85391 4.47748 7.02374 -15.64027 
0.86791 4.44623 6.98219 -15.60756 
0.88183 4.41504 6.94004 -15.57576 
0.89567 4.38392 6.89731 -15.54495 
0.90942 4.35286 6.85400 -15.51520 
0.92309 4.32186 6.81010 -15.48658 
0.93666 4.29092 6.76561 -15.45915 
0.95015 4.26003 6.72054 -15.43298 
0.96355 4.22918 6.67487 -15.40811 
0.97685 4.19839 6.62861 -15.38460 
0.99006 4.16764 6.58174 -15.36248 
1.00318 4.13694 6.53427 -15.34181 
1.01620 4.10628 6.48620 -15.32262 
1.02912 4.07565 6.43753 -15.30494 
1.04195 4.04506 6.38826 -15.28882 
1.05467 4.01449 6.33842 -15.27429 
1.06730 3.98396 6.28801 -15.26138 
1.07982 3.95345 6.23707 -15.25013 
1.09225 3.92296 6.18563 -15.24056 
1.10457 3.89248 6.13373 -15.23271 
1.11678 3.86202 6.08142 -15.22661 
1.12889 3.83158 6.02877 -15.22229 
1.14090 3.80113 5.97586 -15.21978 
1.15262 3.77109 5.74781 -14.82592 
1.16389 3.74183 5.52377 -14.43921 
1.17472 3.71333 5.30355 -14.05907 
1.18511 3.68558 5.08696 -13.68495 
1.19507 3.65858 4.87383 -13.31636 
1.20460 3.63232 4.66400 -12.95285 
1.21373 3.60677 4.45732 -12.59399 
1.22244 3.58194 4.25364 -12.23939 
1.23074 3.55781 4.05283 -11.88869 
1.23865 3.53438 3.85475 -11.54156 
1.24616 3.51164 3.65926 -11.19768 
1.25329 3.48959 3.46625 -10.85678 
1.26003 3.46821 3.27559 -10.51857 
1.26639 3.44751 3.08714 -10.18283 
1.27238 3.42748 2.90079 -9.84932 
1.27800 3.40811 2.71641 -9.51783 
1.28325 3.38941 2.53388 -9.18817 
1.28813 3.37136 2.35307 -8.86016 
1.29266 3.35397 2.17388 -8.53364 
1.29683 3.33722 1.99618 -8.20846 
1.30064 3.32113 1.81986 -7.88447 
1.30411 3.30568 1.64481 -7.56156 
1.30722 3.29088 1.47092 -7.23960 
1.30999 3.27673 1.29808 -6.91849 
1.31242 3.26321 1.12619 -6.59813 
1.31450 3.25033 0.95517 -6.27844 
1.31624 3.23810 0.78490 -5.95934 
1.31764 3.22650 0.61532 -5.64076 
1.31870 3.21553 0.44634 -5.32264 
1.31942 3.20520 0.27787 -5.00492 
1.31981 3.19551 0.10986 -4.68755 
1.31986 3.18645 -0.05778 -4.37048 
1.31958 3.17803 -0.22509 -4.05370 
1.31896 3.17024 -0.39213 -3.73715 
1.31801 3.16308 -0.55895 -3.42082 
1.31673 3.15656 -0.72559 -3.10467 
1.31511 3.15066 -0.89209 -2.78870 
1.31316 3.14540 -1.05848 -2.47289 
1.31088 3.14077 -1.22480 -2.15723 
1.30826 3.13677 -1.39105 -1.84171 
1.30531 3.13340 -1.55725 -1.52632 
1.30203 3.13067 -1.72342 -1.21105 
1.29842 3.12856 -1.88956 -0.89591 
1.29447 3.12708 -2.05568 -0.58089 
1.29020 3.12624 -2.22175 -0.26600 
1.28559 3.12602 -2.38779 0.04877 
1.28065 3.12643 -2.55376 0.36342 
1.27537 3.12747 -2.71966 0.67795 
1.26977 3.12914 -2.88546 0.99236 
1.26383 3.13144 -3.05113 1.30665 
1.25756 3.13437 -3.21664 1.62083 
1.25096 3.13792 -3.38195 1.93490 
1.24403 3.14211 -3.54702 2.24888 
1.23678 3.14692 -3.71180 2.56278 
1.22919 3.15236 -3.87626 2.87660 
1.22127 3.15843 -4.04032 3.19038 
1.21303 3.16512 -4.20395 3.50413 
1.20446 3.17244 -4.36707 3.81787 
1.19556 3.18039 -4.52962 4.13165 
1.18634 3.18897 -4.69154 4.44549 
1.17679 3.19817 -4.85277 4.75944 
1.16693 3.20801 -5.01322 5.07355 
1.15674 3.21847 -5.17283 5.38787 
1.14624 3.22956 -5.33152 5.70246 
1.13542 3.24128 -5.48922 6.01739 
1.12428 3.25363 -5.64586 6.33273 
1.11283 3.26661 -5.80136 6.64857 
1.10108 3.28022 -5.95566 6.96499 
1.08901 3.29447 -6.10869 7.28209 
1.07664 3.30935 -6.26039 7.59998 
1.06397 3.32487 -6.41071 7.91877 
1.05100 3.34103 -6.55959 8.23860 
1.03773 3.35783 -6.70700 8.55958 
1.02417 3.37527 -6.85291 8.88188 
1.01032 3.39336 -6.99731 9.20564 
0.99618 3.41209 -7.14019 9.53104 
0.98176 3.43148 -7.28158 9.85825 
0.96706 3.45153 -7.42150 10.18746 
0.95208 3.47223 -7.56001 10.51889 
0.93682 3.49360 -7.69719 10.85276 
0.92129 3.51564 -7.83314 11.18931 
0.90549 3.53836 -7.96797 11.52878 
0.88942 3.56176 -8.10185 11.87146 
0.87308 3.58585 -8.23494 12.21765 
0.85648 3.61064 -8.36747 12.56765 
0.83961 3.63612 -8.49966 12.92181 
0.82248 3.66233 -8.63179 13.28050 
0.80508 3.68925 -8.76416 13.64411 
0.78742 3.71691 -8.89709 14.01307 
0.76950 3.74531 -9.03096 14.38785 
0.75130 3.77446 -9.16616 14.76896 
0.73283 3.80439 -9.30312 15.15692 
0.71408 3.83509 -9.44230 15.55234 
0.69506 3.86660 -9.58420 15.95586 
0.67575 3.89892 -9.72934 16.36819 
0.65614 3.93208 -9.87830 16.79008 
0.63623 3.96609 -10.03167 17.22237 
0.61601 4.00098 -10.19008 17.66599 
0.59547 4.03676 -10.35423 18.12193 
0.57459 4.07347 -10.52482 18.59129 
0.55336 4.11114 -10.70263 19.07530 
0.53177 4.14978 -10.88848 19.57527 
0.50980 4.18945 -11.08325 20.09270 
0.48743 4.23017 -11.28788 20.62921 
0.46464 4.27198 -11.50340 21.18660 
0.44141 4.31493 -11.73090 21.76689 
0.41771 4.35906 -11.97161 22.37231 
0.39351 4.40444 -12.22682 23.00534 
0.36879 4.45111 -12.49799 23.66877 
0.34351 4.49914 -12.78671 24.36572 
0.31763 4.54859 -13.09476 25.09967 
0.29112 4.59956 -13.42411 25.87456 
0.26392 4.65212 -13.77693 26.69479 
0.23599 4.70637 -14.15571 27.56534 
0.20728 4.76242 -14.56317 28.49181 
0.17772 4.82038 -15.00240 29.48048 
0.14725 4.88039 -15.47685 30.53841 
0.11579 4.94259 -15.99034 31.67350 
0.08326 5.00714 -16.54712 32.89447 
0.04956 5.07423 -17.15180 34.21084 
0.01461 5.14405 -17.80932 35.63282 
6.26147 5.21684 -18.52473 37.17088 
6.22366 5.29282 -19.30291 38.83512 
6.18422 5.37227 -20.14790 40.63403 
6.14302 5.45545 -21.06198 42.57240 
6.09992 5.54265 -22.04396 44.64805 
6.05480 5.63413 -23.08682 46.84680 
6.00755 5.73010 -24.17433 49.13564 
5.95810 5.83069 -25.27704 51.45447 
5.90646 5.93587 -26.34871 53.70879 
5.85276 6.04540 -27.32565 55.76834 
5.79727 6.15871 -28.13242 57.47884 
5.74040 6.27498 -28.69614 58.69130 
5.68268 0.10989 -28.96644 59.30306 
5.62474 0.22859 -28.93175 59.29115 
5.56714 0.34668 -28.62196 58.71775 
5.51039 0.46316 -28.09611 57.70488 
5.45485 0.57730 -27.42345 56.39540 
5.40130 0.68750 -26.13727 53.81713 
5.35027 0.79264 -24.89854 51.34087 
5.30165 0.89297 -23.73217 49.01795 
5.25529 0.98883 -22.64837 46.86947 
5.21100 1.08057 -21.64842 44.89816 
5.16864 1.16853 -20.72864 43.09668 
5.12804 1.25306 -19.88296 41.45278 
5.08906 1.33444 -19.10443 39.95237 
5.05158 1.41295 -18.38600 38.58124 
5.01548 1.48884 -17.72099 37.32590 
4.98067 1.56233 -17.10327 36.17396 
4.94704 1.63360 -16.52732 35.11433 
4.91453 1.70284 -15.98824 34.13712 
4.88307 1.77020 -15.48171 33.23362 
4.85259 1.83582 -15.00392 32.39616 
4.82304 1.89982 -14.55157 31.61801 
4.79437 1.96232 -14.12177 30.89325 
4.76654 2.02343 -13.71202 30.21666 
4.73951 2.08322 -13.32019 29.58366 
4.71324 2.14179 -12.94442 28.99018 
4.68772 2.19920 -12.58319 28.43265 
4.66290 2.25554 -12.23522 27.90786 
4.63877 2.31086 -11.89949 27.41299 
4.61530 2.36521 -11.57520 26.94548 
4.59246 2.41865 -11.26178 26.50308 
4.57024 2.47124 -10.95886 26.08375 
4.54862 2.52300 -10.66627 25.68565 
4.52757 2.57399 -10.38400 25.30712 
4.50708 2.62424 -10.11218 24.94668 
4.48712 2.67379 -9.85109 24.60296 
4.46767 2.72267 -9.60109 24.27473 
4.44870 2.77090 -9.36262 23.96088 
4.43021 2.81852 -9.13613 23.66038 
4.41215 2.86555 -8.92211 23.37229 
4.39451 2.91202 -8.72097 23.09577 
4.37726 2.95794 -8.53308 22.83003 
4.36037 3.00334 -8.35869 22.57434 
4.34381 3.04824 -8.19792 22.32805 
4.32757 3.09266 -8.05077 22.09054 
4.31160 3.13661 -7.91708 21.86124 
4.29589 3.18011 -7.79653 21.63962 
4.28041 3.22317 -7.68865 21.42518 
4.26513 3.26582 -7.59285 21.21747 
4.25003 3.30805 -7.50841 21.01605 
4.23509 3.34988 -7.43454 20.82051 
4.22028 3.39133 -7.37035 20.63044 
4.20560 3.43241 -7.31494 20.44549 
4.19102 3.47312 -7.26737 20.26530 
4.17653 3.51347 -7.22672 20.08953 
4.16211 3.55348 -7.19206 19.91785 
4.14775 3.59315 -7.16253 19.74995 
4.13345 3.63248 -7.13730 19.58552 
4.11920 3.67149 -7.11559 19.42427 
4.10499 3.71018 -7.09669 19.26591 
4.09081 3.74856 -7.07995 19.11016 
4.07667 3.78662 -7.06479 18.95674 
4.06255 3.82439 -7.05067 18.80540 
4.04847 3.86185 -7.03712 18.65586 
4.03441 3.89901 -7.02372 18.50786 
4.02037 3.93588 -7.01012 18.36115 
4.00637 3.97245 -6.99598 18.21547 
3.99239 4.00874 -6.98101 18.07056 
3.97844 4.04474 -6.96498 17.92618 
3.96453 4.08045 -6.94765 17.78207 
3.95065 4.11587 -6.92884 17.63797 
3.93682 4.15100 -6.90837 17.49362 
3.92302 4.18584 -6.88609 17.34878 
3.90927 4.22039 -6.86185 17.20319 
3.89557 4.25465 -6.83553 17.05657 
3.88193 4.28862 -6.80702 16.90867 
3.86835 4.32229 -6.77620 16.75922 
3.85483 4.35565 -6.74296 16.60795 
3.84138 4.38872 -6.70721 16.45457 
3.82800 4.42147 -6.66885 16.29883 
3.81470 4.45391 -6.62778 16.14042 
3.80149 4.48603 -6.58390 15.97908 
3.78837 4.51782 -6.53712 15.81450 
3.77535 4.54929 -6.48734 15.64639 
3.76232 4.58063 -6.53852 15.69566 
3.74919 4.61207 -6.59073 15.74847 
3.73596 4.64362 -6.64402 15.80492 
3.72261 4.67529 -6.69845 15.86513 
3.70916 4.70709 -6.75410 15.92920 
3.69560 4.73901 -6.81104 15.99725 
3.68192 4.77108 -6.86934 16.06940 
3.66812 4.80329 -6.92907 16.14578 
3.65420 4.83566 -6.99032 16.22651 
3.64016 4.86820 -7.05316 16.31173 
3.62599 4.90091 -7.11767 16.40157 
3.61168 4.93381 -7.18394 16.49616 
3.59725 4.96690 -7.25204 16.59565 
3.58267 5.00020 -7.32206 16.70018 
3.56796 5.03371 -7.39408 16.80987 
3.55310 5.06744 -7.46817 16.92487 
3.53809 5.10141 -7.54441 17.04529 
3.52292 5.13562 -7.62286 17.17125 
3.50759 5.17010 -7.70360 17.30285 
3.49210 5.20484 -7.78667 17.44019 
3.47644 5.23986 -7.87212 17.58333 
3.46061 5.27518 -7.95997 17.73230 
3.44460 5.31080 -8.05024 17.88711 
3.42841 5.34673 -8.14293 18.04772 
3.41203 5.38299 -8.23798 18.21404 
3.39546 5.41959 -8.33535 18.38593 
3.37869 5.45654 -8.43492 18.56316 
3.36172 5.49385 -8.53657 18.74542 
3.34454 5.53152 -8.64009 18.93231 
3.32715 5.56958 -8.74524 19.12331 
3.30956 5.60802 -8.85171 19.31776 
3.29175 5.64685 -8.95912 19.51489 
3.27372 5.68608 -9.06700 19.71373 
3.25548 5.72571 -9.17483 19.91316 
3.23702 5.76573 -9.28197 20.11190 

