0.00000 0.00000 0.00000 0.00000 
0.00024 6.28269 0.24012 -0.49775 
0.00096 6.28119 0.48016 -0.99533 
0.00216 6.27871 0.72002 -1.49255 
0.00384 6.27522 0.95960 -1.98922 
0.00600 6.27075 1.19880 -2.48514 
0.00864 6.26528 1.43751 -2.98005 
0.01175 6.25883 1.67558 -3.47369 
0.01534 6.25139 1.91287 -3.96576 
0.01940 6.24297 2.14919 -4.45591 
0.02393 6.23357 2.38437 -4.94373 
0.02894 6.22320 2.61817 -5.42879 
0.03440 6.21186 2.85035 -5.91058 
0.04034 6.19956 3.08063 -6.38853 
0.04673 6.18630 3.30870 -6.86204 
0.05357 6.17211 3.53424 -7.33043 
0.06086 6.15699 3.75688 -7.79296 
0.06859 6.14094 3.97624 -8.24885 
0.07676 6.12400 4.19190 -8.69726 
0.08536 6.10616 4.40343 -9.13732 
0.09437 6.08745 4.61038 -9.56812 
0.10380 6.06789 4.81231 -9.98873 
0.11362 6.04751 5.00874 -10.39823 
0.12383 6.02631 5.19923 -10.79568 
0.13441 6.00433 5.38332 -11.18019 
0.14536 5.98160 5.56059 -11.55089 
0.15665 5.95814 5.73064 -11.90697 
0.16827 5.93398 5.89311 -12.24771 
0.18022 5.90916 6.04766 -12.57245 
0.19246 5.88370 6.19404 -12.88064 
0.20499 5.85765 6.33200 -13.17185 
0.21778 5.83103 6.46140 -13.44576 
0.23083 5.80388 6.58213 -13.70217 
0.24410 5.77623 6.69414 -13.94102 
0.25760 5.74812 6.79745 -14.16235 
0.27129 5.71959 6.89215 -14.36636 
0.28516 5.69067 6.97835 -14.55331 
0.29920 5.66139 7.05624 -14.72362 
0.31338 5.63179 7.12606 -14.87776 
0.32770 5.60189 7.18806 -15.01630 
0.34213 5.57173 7.24254 -15.13988 
0.35666 5.54134 7.28983 -15.24918 
0.37128 5.51074 7.33028 -15.34494 
0.38598 5.47997 7.36424 -15.42792 
0.40074 5.44904 7.39208 -15.49890 
0.41554 5.41798 7.41417 -15.55866 
0.43039 5.38681 7.43088 -15.60798 
0.44526 5.35555 7.44258 -15.64764 
0.46016 5.32423 7.44962 -15.67839 
0.47506 5.29285 7.45234 -15.70095 
0.48996 5.26143 7.45107 -15.71605 
0.50486 5.22999 7.44612 -15.72433 
0.51974 5.19853 7.43779 -15.72646 
0.53461 5.16708 7.42637 -15.72302 
0.54945 5.13565 7.41210 -15.71459 
0.56426 5.10423 7.39524 -15.70171 
0.57903 5.07284 7.37602 -15.68486 
0.59376 5.04149 7.35463 -15.66452 
0.60844 5.01019 7.33128 -15.64112 
0.62308 4.97893 7.30613 -15.61504 
0.63767 4.94773 7.27935 -15.58667 
0.65220 4.91658 7.25108 -15.55633 
0.66667 4.88550 7.22145 -15.52434 
0.68108 4.85449 7.19059 -15.49099 
0.69543 4.82354 7.15859 -15.45654 
0.70972 4.79266 7.12554 -15.42122 
0.72393 4.76185 7.09155 -15.38526 
0.73808 4.73112 7.05666 -15.34885 
0.75216 4.70046 7.02096 -15.31219 
0.76617 4.66987 6.98449 -15.27542 
0.78010 4.63936 6.94730 -15.23872 
0.79396 4.60892 6.90943 -15.20220 
0.80774 4.57855 6.87091 -15.16601 
0.82144 4.54825 6.83178 -15.13024 
0.83506 4.51803 6.79205 -15.09502 
0.84861 4.48787 6.75174 -15.06043 
0.86207 4.45779 6.71086 -15.02655 
0.87545 4.42777 6.66942 -14.99348 
0.88875 4.39781 6.62742 -14.96127 
0.90196 4.36792 6.58487 -14.92999 
0.91509 4.33809 6.54176 -14.89970 
0.92813 4.30832 6.49810 -14.87047 
0.94108 4.27861 6.45388 -14.84233 
0.95394 4.24895 6.40909 -14.81534 
0.96671 4.21935 6.36374 -14.78953 
0.97939 4.18979 6.31780 -14.76495 
0.99198 4.16028 6.27129 -14.74163 
1.00448 4.13082 6.22420 -14.71961 
1.01688 4.10141 6.17652 -14.69892 
1.02919 4.07203 6.12827 -14.67959 
1.04139 4.04269 6.07944 -14.66164 
1.05350 4.01338 6.03004 -14.64511 
1.06551 3.98410 5.98010 -14.63003 
1.07742 3.95486 5.92963 -14.61641 
1.08923 3.92564 5.87866 -14.60429 
1.10094 3.89644 5.82722 -14.59369 
1.11254 3.86726 5.77536 -14.58463 
1.12404 3.83810 5.72314 -14.57714 
1.13543 3.80895 5.67062 -14.57125 
1.14672 3.77981 5.61787 -14.56698 
1.15790 3.75068 5.56498 -14.56435 
1.16898 3.72156 5.51206 -14.56340 
1.17995 3.69243 5.45921 -14.56415 
1.19082 3.66330 5.40656 -14.56663 
1.20158 3.63416 5.35426 -14.57087 
1.21223 3.60501 5.30247 -14.57690 
1.22279 3.57585 5.25135 -14.58476 
1.23324 3.54667 5.20109 -14.59449 
1.24359 3.51747 5.15190 -14.60611 
1.25385 3.48825 5.10399 -14.61967 
1.26401 3.45899 5.05757 -14.63521 
1.27408 3.42971 5.01290 -14.65278 
1.28406 3.40038 4.97020 -14.67241 
1.29396 3.37101 4.92973 -14.69417 
1.30378 3.34160 4.89174 -14.71809 
1.31353 3.31214 4.85648 -14.74424 
1.32321 3.28262 4.82422 -14.77267 
1.33283 3.25305 4.79519 -14.80344 
1.34240 3.22341 4.76963 -14.83661 
1.35191 3.19370 4.74778 -14.87225 
1.36139 3.16392 4.72984 -14.91043 
1.37083 3.13406 4.71601 -14.95122 
1.38011 3.10444 4.56374 -14.66374 
1.38909 3.07540 4.41538 -14.37859 
1.39778 3.04693 4.27060 -14.09550 
1.40618 3.01902 4.12906 -13.81420 
1.41430 2.99167 3.99043 -13.53445 
1.42214 2.96488 3.85436 -13.25601 
1.42971 2.93864 3.72052 -12.97864 
1.43702 2.91296 3.58860 -12.70216 
1.44407 2.88783 3.45827 -12.42635 
1.45086 2.86326 3.32924 -12.15103 
1.45739 2.83923 3.20122 -11.87602 
1.46366 2.81575 3.07393 -11.60115 
1.46968 2.79283 2.94713 -11.32628 
1.47545 2.77045 2.82058 -11.05125 
1.48097 2.74862 2.69405 -10.77594 
1.48623 2.72734 2.56734 -10.50021 
1.49123 2.70662 2.44026 -10.22394 
1.49599 2.68645 2.31265 -9.94704 
1.50048 2.66683 2.18434 -9.66940 
1.50472 2.64777 2.05519 -9.39093 
1.50870 2.62927 1.92508 -9.11156 
1.51242 2.61133 1.79389 -8.83121 
1.51588 2.59395 1.66152 -8.54983 
1.51907 2.57713 1.52789 -8.26736 
1.52199 2.56088 1.39291 -7.98376 
1.52464 2.54519 1.25651 -7.69900 
1.52702 2.53008 1.11865 -7.41304 
1.52911 2.51554 0.97927 -7.12587 
1.53093 2.50158 0.83833 -6.83748 
1.53247 2.48819 0.69580 -6.54787 
1.53371 2.47539 0.55166 -6.25705 
1.53467 2.46317 0.40588 -5.96504 
1.53534 2.45153 0.25845 -5.67185 
1.53570 2.44048 0.10938 -5.37752 
1.53577 2.43002 -0.04136 -5.08209 
1.53554 2.42015 -0.19374 -4.78560 
1.53500 2.41088 -0.34776 -4.48811 
1.53415 2.40220 -0.50341 -4.18967 
1.53298 2.39412 -0.66068 -3.89036 
1.53150 2.38664 -0.81954 -3.59024 
1.52970 2.37976 -0.97997 -3.28939 
1.52758 2.37348 -1.14196 -2.98790 
1.52513 2.36781 -1.30546 -2.68585 
1.52236 2.36274 -1.47045 -2.38334 
1.51925 2.35828 -1.63691 -2.08046 
1.51581 2.35442 -1.80480 -1.77732 
1.51203 2.35117 -1.97408 -1.47401 
1.50791 2.34852 -2.14473 -1.17065 
1.50345 2.34648 -2.31671 -0.86734 
1.49864 2.34505 -2.48998 -0.56421 
1.49349 2.34423 -2.66451 -0.26134 
1.48799 2.34401 -2.84027 0.04113 
1.48213 2.34439 -3.01722 0.34309 
1.47592 2.34538 -3.19533 0.64444 
1.46935 2.34697 -3.37457 0.94505 
1.46242 2.34916 -3.55490 1.24482 
1.45513 2.35195 -3.73631 1.54364 
1.44747 2.35533 -3.91875 1.84140 
1.43945 2.35931 -4.10220 2.13799 
1.43106 2.36388 -4.28664 2.43332 
1.42230 2.36904 -4.47204 2.72727 
1.41317 2.37479 -4.65838 3.01977 
1.40367 2.38112 -4.84563 3.31072 
1.39379 2.38803 -5.03379 3.60002 
1.38353 2.39552 -5.22282 3.88762 
1.37290 2.40358 -5.41272 4.17342 
1.36188 2.41221 -5.60347 4.45736 
1.35048 2.42141 -5.79504 4.73939 
1.33870 2.43117 -5.98743 5.01944 
1.32653 2.44149 -6.18061 5.29746 
1.31398 2.45236 -6.37457 5.57342 
1.30103 2.46378 -6.56929 5.84729 
1.28770 2.47575 -6.76476 6.11903 
1.27397 2.48825 -6.96093 6.38864 
1.25986 2.50130 -7.15780 6.65610 
1.24534 2.51488 -7.35532 6.92141 
1.23043 2.52898 -7.55346 7.18460 
1.21513 2.54361 -7.75217 7.44566 
1.19943 2.55876 -7.95140 7.70465 
1.18332 2.57443 -8.15108 7.96159 
1.16682 2.59061 -8.35115 8.21654 
1.14992 2.60730 -8.55151 8.46955 
1.13261 2.62449 -8.75207 8.72071 
1.11491 2.64218 -8.95270 8.97009 
1.09680 2.66037 -9.15328 9.21779 
1.07830 2.67905 -9.35366 9.46391 
1.05939 2.69822 -9.55366 9.70858 
1.04008 2.71788 -9.75308 9.95193 
1.02038 2.73803 -9.95170 10.19410 
1.00028 2.75866 -10.14929 10.43524 
0.97978 2.77977 -10.34558 10.67554 
0.95890 2.80136 -10.54025 10.91517 
0.93762 2.82343 -10.73301 11.15433 
0.91596 2.84598 -10.92348 11.39322 
0.89393 2.86900 -11.11130 11.63207 
0.87152 2.89250 -11.29606 11.87112 
0.84875 2.91649 -11.47734 12.11060 
0.82561 2.94095 -11.65470 12.35077 
0.80213 2.96589 -11.82768 12.59190 
0.77831 2.99131 -11.99581 12.83426 
0.75415 3.01723 -12.15861 13.07814 
0.72968 3.04363 -12.31562 13.32383 
0.70489 3.07052 -12.46637 13.57161 
0.67982 3.09792 -12.61044 13.82180 
0.65446 3.12581 -12.74740 14.07469 
0.62891 3.15404 -12.79919 14.15026 
0.60327 3.18242 -12.84334 14.22900 
0.57754 3.21096 -12.87974 14.31096 
0.55175 3.23966 -12.90834 14.39623 
0.52591 3.26854 -12.92916 14.48486 
0.50004 3.29760 -12.94227 14.57689 
0.47415 3.32685 -12.94784 14.67236 
0.44825 3.35630 -12.94607 14.77130 
0.42237 3.38594 -12.93725 14.87371 
0.39651 3.41579 -12.92170 14.97962 
0.37069 3.44586 -12.89982 15.08901 
0.34491 3.47615 -12.87205 15.20191 
0.31920 3.50667 -12.83887 15.31829 
0.29356 3.53743 -12.80082 15.43818 
0.26800 3.56843 -12.75844 15.56158 
0.24253 3.59968 -12.71232 15.68848 
0.21715 3.63118 -12.66306 15.81893 
0.19188 3.66295 -12.61126 15.95295 
0.16671 3.69500 -12.55754 16.09058 
0.14165 3.72732 -12.50252 16.23187 
0.11670 3.75993 -12.44681 16.37692 
0.09186 3.79283 -12.39101 16.52580 
0.06714 3.82603 -12.33570 16.67863 
0.04252 3.85955 -12.28146 16.83554 
0.01801 3.89338 -12.22883 16.99669 
6.27679 3.92754 -12.17835 17.16225 
6.25248 3.96203 -12.13051 17.33243 
6.22826 3.99687 -12.08581 17.50746 
6.20413 4.03206 -12.04471 17.68759 
6.18008 4.06762 -12.00764 17.87311 
6.15610 4.10356 -11.97503 18.06432 
6.13218 4.13988 -11.94728 18.26156 
6.10831 4.17661 -11.92478 18.46521 
6.08448 4.21375 -11.90790 18.67568 
6.06067 4.25132 -11.89699 18.89340 
6.03688 4.28933 -11.89242 19.11884 
6.01310 4.32780 -11.89452 19.35252 
5.98930 4.36674 -11.90364 19.59499 
5.96548 4.40618 -11.92012 19.84685 
5.94162 4.44614 -11.94431 20.10873 
5.91770 4.48663 -11.97657 20.38132 
5.89370 4.52767 -12.01725 20.66535 
5.86962 4.56930 -12.06674 20.96162 
5.84543 4.61153 -12.12542 21.27097 
5.82111 4.65439 -12.19370 21.59431 
5.79665 4.69791 -12.27201 21.93258 
5.77202 4.74213 -12.36081 22.28682 
5.74720 4.78707 -12.46056 22.65810 
5.72217 4.83277 -12.57177 23.04756 
5.69690 4.87927 -12.69495 23.45640 
5.67138 4.92661 -12.83064 23.88586 
5.64557 4.97483 -12.97938 24.33720 
5.61945 5.02398 -13.14173 24.81169 
5.59300 5.07410 -13.31822 25.31060 
5.56617 5.12524 -13.50936 25.83512 
5.53895 5.17745 -13.71557 26.38632 
5.51130 5.23080 -13.93720 26.96503 
5.48319 5.28533 -14.17442 27.57179 
5.45459 5.34111 -14.42715 28.20664 
5.42547 5.39818 -14.69500 28.86893 
5.39580 5.45660 -14.97711 29.55710 
5.36555 5.51642 -15.27200 30.00000 
5.33471 5.57769 -15.57740 30.00000 
5.30324 5.64042 -15.89004 30.00000 
5.27114 5.70465 -16.20541 30.00000 
5.23842 5.77036 -16.51763 30.00000 
5.20508 5.83752 -16.81926 30.00000 
5.17116 5.90606 -17.10139 30.00000 
5.13669 5.97589 -17.35385 30.00000 
5.10177 6.04686 -17.56577 30.00000 
5.06647 6.11877 -17.72644 30.00000 
5.03090 6.19140 -17.82639 30.00000 
4.99521 6.26447 -17.85858 30.00000 
4.95952 0.05453 -17.81932 30.00000 
4.92398 0.12763 -17.70885 30.00000 
4.88872 0.20033 -17.53121 30.00000 
4.85389 0.27235 -17.29366 30.00000 
4.81958 0.34348 -17.00558 30.00000 
4.78590 0.41353 -16.67736 30.00000 
4.75289 0.48236 -16.31935 30.00000 
4.72063 0.54988 -15.94108 30.00000 
4.68914 0.61603 -15.55080 30.00000 
4.65843 0.68078 -15.15529 30.00000 
4.62852 0.74413 -14.75987 30.00000 
4.59939 0.80610 -14.36852 30.00000 
4.57104 0.86671 -13.98409 29.97286 
4.54345 0.92600 -13.60846 29.32819 
4.51660 0.98404 -13.24282 28.70876 
4.49047 1.04086 -12.88776 28.11605 
4.46504 1.09652 -12.54346 27.55063 
4.44029 1.15108 -12.20977 27.01247 
4.41619 1.20459 -11.88636 26.50107 
4.39274 1.25710 -11.57272 26.01564 
4.36990 1.30867 -11.26824 25.55517 
4.34766 1.35934 -10.97227 25.11857 
4.32600 1.40916 -10.68411 24.70465 
4.30492 1.45817 -10.40307 24.31221 
4.28439 1.50642 -10.12846 23.94008 
4.26440 1.55394 -9.85958 23.58710 
4.24494 1.60078 -9.59579 23.25214 
4.22601 1.64696 -9.33645 22.93414 
4.20760 1.69252 -9.08096 22.63208 
4.18969 1.73750 -8.82877 22.34501 
4.17228 1.78191 -8.57935 22.07202 
4.15537 1.82580 -8.33220 21.81226 
4.13895 1.86917 -8.08688 21.56495 
4.12302 1.91206 -7.84298 21.32934 
4.10758 1.95450 -7.60015 21.10473 
4.09262 1.99649 -7.35807 20.89048 
4.07814 2.03806 -7.11647 20.68598 
4.06415 2.07924 -6.87514 20.49069 
4.05064 2.12003 -6.63393 20.30407 
4.03762 2.16046 -6.39273 20.12565 
4.02507 2.20054 -6.15153 19.95499 
4.01301 2.24029 -5.91036 19.79166 
4.00143 2.27971 -5.66932 19.63530 
3.99033 2.31883 -5.42860 19.48557 
3.97972 2.35766 -5.18847 19.34215 
3.96958 2.39620 -4.94929 19.20476 
3.95992 2.43448 -4.71148 19.07315 
3.95073 2.47250 -4.47557 18.94709 
3.94201 2.51027 -4.24218 18.82640 
3.93376 2.54781 -4.01201 18.71091 
3.92596 2.58512 -3.78584 18.60048 
3.91861 2.62222 -3.56453 18.49499 
3.91170 2.65910 -3.34901 18.39437 
3.90521 2.69580 -3.14027 18.29853 
3.89913 2.73230 -2.93936 18.20745 
3.89345 2.76863 -2.74733 18.12108 
3.88814 2.80479 -2.56528 18.03944 
3.88318 2.84079 -2.39427 17.96252 
3.87855 2.87664 -2.23535 17.89034 
3.87423 2.91235 -2.08952 17.82293 
3.87019 2.94794 -1.95772 17.76032 
3.86639 2.98340 -1.84076 17.70255 
3.86281 3.01875 -1.73938 17.64964 
3.85942 3.05400 -1.65417 17.60163 
3.85618 3.08916 -1.58557 17.55853 
3.85307 3.12424 -1.53388 17.52037 
3.85004 3.15924 -1.49923 17.48715 
3.84706 3.19419 -1.48158 17.45885 
3.84410 3.22908 -1.48075 17.43547 
3.84113 3.26394 -1.49638 17.41696 
3.83810 3.29875 -1.52798 17.40330 
3.83500 3.33355 -1.57493 17.39442 
3.83179 3.36834 -1.63647 17.39027 
3.82845 3.40312 -1.71179 17.39079 
3.82494 3.43790 -1.79996 17.39591 
3.82124 3.47270 -1.90003 17.40556 
3.81733 3.50753 -2.01098 17.41967 
3.81319 3.54238 -2.13180 17.43818 
3.80880 3.57728 -2.26147 17.46103 
3.80418 3.61214 -2.35644 17.39237 
3.79937 3.64685 -2.45677 17.32673 
3.79435 3.68144 -2.56141 17.26391 
3.78912 3.71591 -2.66937 17.20374 
3.78367 3.75026 -2.77975 17.14603 
3.77800 3.78450 -2.89175 17.09064 
3.77210 3.81862 -3.00463 17.03742 
3.76598 3.85265 -3.11774 16.98621 
3.75963 3.88657 -3.23052 16.93689 
3.75306 3.92040 -3.34246 16.88935 
3.74626 3.95413 -3.45315 16.84346 
3.73925 3.98777 -3.56220 16.79913 
3.73202 4.02133 -3.66933 16.75625 
3.72457 4.05480 -3.77426 16.71474 
3.71692 4.08819 -3.87681 16.67451 
3.70907 4.12150 -3.97679 16.63547 
3.70102 4.15473 -4.07408 16.59754 
3.69277 4.18789 -4.16858 16.56066 
3.68434 4.22097 -4.26022 16.52474 
3.67573 4.25399 -4.34896 16.48972 
3.66695 4.28693 -4.43477 16.45552 
3.65800 4.31981 -4.51763 16.42208 
3.64888 4.35262 -4.59756 16.38931 
3.63961 4.38537 -4.67457 16.35715 
3.63019 4.41805 -4.74868 16.32553 
3.62062 4.45067 -4.81991 16.29436 
3.61091 4.48323 -4.88831 16.26357 
3.60106 4.51572 -4.95392 16.23307 
3.59109 4.54816 -5.01676 16.20277 
3.58100 4.58054 -5.07687 16.17260 
3.57079 4.61285 -5.13431 16.14243 
3.56046 4.64510 -5.18909 16.11219 
3.55003 4.67730 -5.24125 16.08175 
3.53950 4.70943 -5.29083 16.05100 
3.52887 4.74150 -5.33784 16.01983 
3.51815 4.77351 -5.38230 15.98809 
3.50734 4.80545 -5.42423 15.95566 
3.49646 4.83733 -5.46364 15.92239 
3.48549 4.86914 -5.50052 15.88812 
3.47446 4.90088 -5.53487 15.85269 
3.46335 4.93255 -5.56668 15.81593 
3.45219 4.96415 -5.59593 15.77764 
3.44097 4.99566 -5.62259 15.73763 
3.42970 5.02710 -5.64662 15.69570 
3.41839 5.05844 -5.66799 15.65164 
3.40703 5.08970 -5.68663 15.60520 
3.39564 5.12086 -5.70251 15.55616 
3.38422 5.15192 -5.71554 15.50426 
3.37278 5.18288 -5.72567 15.44924 
3.36132 5.21372 -5.73280 15.39084 
3.34985 5.24444 -5.73685 15.32877 
3.33838 5.27503 -5.73774 15.26275 
3.32690 5.30549 -5.73537 15.19250 
3.31544 5.33580 -5.72964 15.11770 
3.30399 5.36595 -5.72045 15.03807 
3.29256 5.39595 -5.70769 14.95331 
3.28116 5.42576 -5.69126 14.86311 
3.26980 5.45540 -5.67105 14.76720 
3.25848 5.48483 -5.64698 14.66528 
3.24721 5.51405 -5.61894 14.55708 
3.23600 5.54305 -5.58684 14.44236 
3.22487 5.57182 -5.55061 14.32089 
3.21381 5.60033 -5.51018 14.19244 
3.20283 5.62858 -5.46549 14.05684 
3.19195 5.65655 -5.41650 13.91395 
3.18117 5.68423 -5.36319 13.76364 
3.17050 5.71160 -5.30555 13.60586 
3.15995 5.73865 -5.24360 13.44056 
3.14952 5.76536 -5.17737 13.26777 
3.13924 5.79172 -5.10692 13.08755 
3.12910 5.81771 -5.03233 12.89999 
3.11911 5.84331 -4.95371 12.70528 
3.10929 5.86852 -4.87118 12.50360 
3.09963 5.89332 -4.78489 12.29520 
3.09015 5.91770 -4.69501 12.08039 
3.08085 5.94164 -4.60171 11.85950 
3.07175 5.96513 -4.50521 11.63288 
3.06283 5.98817 -4.40572 11.40094 
3.05412 6.01073 -4.30347 11.16411 
3.04562 6.03282 -4.19869 10.92282 
3.03733 6.05442 -4.09163 10.67753 
3.02926 6.07553 -3.98254 10.42871 
3.02140 6.09614 -3.87166 10.17683 
3.01377 6.11624 -3.75924 9.92234 
3.00637 6.13582 -3.64551 9.66571 
2.99919 6.15490 -3.53071 9.40738 
2.99224 6.17345 -3.41507 9.14777 
2.98553 6.19149 -3.29879 8.88729 
2.97905 6.20900 -3.18207 8.62633 
2.97280 6.22599 -3.06511 8.36523 
2.96679 6.24246 -2.94808 8.10434 
2.96101 6.25841 -2.83114 7.84395 
2.95546 6.27384 -2.71443 7.58433 
2.95015 0.00556 -2.59808 7.32574 
2.94507 0.01996 -2.48220 7.06838 
2.94022 0.03384 -2.36691 6.81244 
2.93560 0.04721 -2.25227 6.55808 
2.93121 0.06007 -2.13838 6.30544 
2.92705 0.07243 -2.02528 6.05463 
2.92311 0.08429 -1.91303 5.80573 
2.91940 0.09566 -1.80167 5.55880 
2.91590 0.10653 -1.69121 5.31389 
2.91263 0.11691 -1.58169 5.07103 
2.90958 0.12681 -1.47310 4.83021 
2.90674 0.13623 -1.36545 4.59143 
2.90411 0.14518 -1.25873 4.35468 
2.90170 0.15365 -1.15292 4.11990 
2.89950 0.16166 -1.04801 3.88706 
2.89751 0.16920 -0.94397 3.65609 
2.89573 0.17629 -0.84077 3.42693 
2.89415 0.18291 -0.73837 3.19949 
2.89277 0.18909 -0.63673 2.97370 
2.89160 0.19481 -0.53582 2.74946 
2.89063 0.20008 -0.43558 2.52668 
2.88986 0.20492 -0.33597 2.30525 
2.88928 0.20931 -0.23693 2.08507 
2.88891 0.21326 -0.13841 1.86602 
2.88873 0.21677 -0.04036 1.64800 
2.88875 0.21985 0.05728 1.43088 
2.88896 0.22250 0.15457 1.21455 
2.88936 0.22471 0.25157 0.99888 
2.88996 0.22649 0.34833 0.78375 
2.89076 0.22784 0.44493 0.56904 
2.89174 0.22877 0.54142 0.35461 
2.89292 0.22926 0.63786 0.14035 
2.89430 0.22933 0.73432 -0.07387 
2.89586 0.22897 0.83086 -0.28818 
2.89762 0.22818 0.92755 -0.50272 
2.89957 0.22696 1.02444 -0.71760 
2.90172 0.22531 1.12161 -0.93296 
2.90406 0.22322 1.21911 -1.14891 
2.90659 0.22071 1.31701 -1.36559 
2.90933 0.21776 1.41536 -1.58313 
2.91226 0.21438 1.51424 -1.80163 
2.91538 0.21055 1.61370 -2.02123 
2.91871 0.20629 1.71381 -2.24204 
2.92224 0.20158 1.81461 -2.46418 
2.92597 0.19643 1.91617 -2.68775 
2.92990 0.19083 2.01854 -2.91287 
2.93404 0.18478 2.12178 -3.13964 
2.93839 0.17827 2.22593 -3.36816 
2.94295 0.17131 2.33104 -3.59851 

