0.00000 0.00000 0.00000 0.00000 
0.00002 6.28314 0.02121 -0.04397 
0.00008 6.28301 0.04241 -0.08792 
0.00019 6.28279 0.06360 -0.13184 
0.00034 6.28248 0.08477 -0.17572 
0.00053 6.28209 0.10590 -0.21953 
0.00076 6.28160 0.12700 -0.26327 
0.00104 6.28103 0.14805 -0.30692 
0.00135 6.28038 0.16904 -0.35046 
0.00171 6.27963 0.18998 -0.39388 
0.00211 6.27880 0.21084 -0.43716 
0.00256 6.27788 0.23164 -0.48029 
0.00304 6.27688 0.25234 -0.52325 
0.00357 6.27579 0.27296 -0.56603 
0.00413 6.27462 0.29347 -0.60861 
0.00474 6.27336 0.31388 -0.65097 
0.00539 6.27201 0.33418 -0.69311 
0.00608 6.27058 0.35435 -0.73501 
0.00681 6.26907 0.37439 -0.77665 
0.00757 6.26748 0.39430 -0.81801 
0.00838 6.26580 0.41406 -0.85909 
0.00923 6.26404 0.43368 -0.89986 
0.01012 6.26220 0.45313 -0.94031 
0.01104 6.26028 0.47241 -0.98043 
0.01201 6.25828 0.49152 -1.02021 
0.01301 6.25620 0.51045 -1.05962 
0.01405 6.25404 0.52919 -1.09865 
0.01513 6.25181 0.54774 -1.13729 
0.01624 6.24949 0.56608 -1.17553 
0.01739 6.24710 0.58421 -1.21334 
0.01858 6.24464 0.60212 -1.25072 
0.01980 6.24210 0.61981 -1.28765 
0.02106 6.23949 0.63726 -1.32412 
0.02235 6.23681 0.65448 -1.36010 
0.02367 6.23405 0.67145 -1.39560 
0.02503 6.23122 0.68817 -1.43059 
0.02643 6.22833 0.70463 -1.46507 
0.02785 6.22536 0.72082 -1.49901 
0.02931 6.22233 0.73674 -1.53240 
0.03080 6.21923 0.75238 -1.56524 
0.03232 6.21607 0.76774 -1.59751 
0.03387 6.21284 0.78280 -1.62919 
0.03545 6.20955 0.79757 -1.66028 
0.03706 6.20620 0.81203 -1.69076 
0.03870 6.20279 0.82618 -1.72062 
0.04036 6.19932 0.84002 -1.74985 
0.04206 6.19579 0.85353 -1.77843 
0.04378 6.19221 0.86672 -1.80636 
0.04552 6.18857 0.87957 -1.83362 
0.04730 6.18487 0.89209 -1.86021 
0.04909 6.18113 0.90426 -1.88612 
0.05091 6.17733 0.91609 -1.91132 
0.05276 6.17348 0.92756 -1.93582 
0.05462 6.16959 0.93868 -1.95961 
0.05651 6.16564 0.94943 -1.98267 
0.05842 6.16166 0.95982 -2.00500 
0.06035 6.15763 0.96984 -2.02659 
0.06230 6.15355 0.97949 -2.04744 
0.06427 6.14944 0.98875 -2.06752 
0.06625 6.14528 0.99764 -2.08685 
0.06826 6.14109 1.00614 -2.10540 
0.07028 6.13686 1.01426 -2.12319 
0.07231 6.13260 1.02198 -2.14019 
0.07437 6.12830 1.02932 -2.15640 
0.07643 6.12397 1.03626 -2.17183 
0.07851 6.11961 1.04280 -2.18645 
0.08060 6.11523 1.04894 -2.20028 
0.08271 6.11081 1.05468 -2.21331 
0.08482 6.10637 1.06001 -2.22553 
0.08695 6.10191 1.06495 -2.23695 
0.08908 6.09743 1.06948 -2.24755 
0.09122 6.09292 1.07360 -2.25734 
0.09337 6.08840 1.07732 -2.26632 
0.09553 6.08386 1.08063 -2.27449 
0.09770 6.07930 1.08353 -2.28184 
0.09987 6.07473 1.08603 -2.28838 
0.10204 6.07015 1.08812 -2.29410 
0.10422 6.06555 1.08980 -2.29901 
0.10640 6.06095 1.09108 -2.30311 
0.10858 6.05634 1.09196 -2.30640 
0.11077 6.05173 1.09243 -2.30889 
0.11295 6.04711 1.09250 -2.31057 
0.11514 6.04249 1.09217 -2.31145 
0.11732 6.03786 1.09145 -2.31154 
0.11950 6.03324 1.09032 -2.31083 
0.12168 6.02862 1.08880 -2.30934 
0.12386 6.02400 1.08689 -2.30706 
0.12603 6.01939 1.08459 -2.30400 
0.12819 6.01479 1.08191 -2.30017 
0.13036 6.01019 1.07884 -2.29557 
0.13251 6.00561 1.07539 -2.29021 
0.13466 6.00103 1.07157 -2.28410 
0.13680 5.99647 1.06737 -2.27724 
0.13893 5.99192 1.06280 -2.26964 
0.14105 5.98739 1.05786 -2.26131 
0.14316 5.98288 1.05256 -2.25225 
0.14526 5.97838 1.04690 -2.24247 
0.14734 5.97391 1.04089 -2.23199 
0.14942 5.96946 1.03453 -2.22080 
0.15148 5.96503 1.02782 -2.20892 
0.15353 5.96062 1.02077 -2.19636 
0.15557 5.95624 1.01339 -2.18313 
0.15758 5.95189 1.00567 -2.16923 
0.15959 5.94756 0.99762 -2.15467 
0.16157 5.94327 0.98926 -2.13947 
0.16354 5.93901 0.98057 -2.12364 
0.16550 5.93478 0.97157 -2.10717 
0.16743 5.93058 0.96226 -2.09009 
0.16935 5.92642 0.95265 -2.07241 
0.17124 5.92229 0.94275 -2.05413 
0.17312 5.91820 0.93255 -2.03526 
0.17497 5.91415 0.92206 -2.01582 
0.17680 5.91014 0.91129 -1.99581 
0.17862 5.90617 0.90025 -1.97525 
0.18041 5.90224 0.88893 -1.95414 
0.18217 5.89835 0.87735 -1.93250 
0.18391 5.89451 0.86551 -1.91034 
0.18563 5.89071 0.85341 -1.88767 
0.18733 5.88696 0.84106 -1.86449 
0.18900 5.88325 0.82847 -1.84082 
0.19064 5.87959 0.81564 -1.81667 
0.19226 5.87598 0.80258 -1.79205 
0.19385 5.87243 0.78928 -1.76697 
0.19542 5.86892 0.77577 -1.74144 
0.19696 5.86546 0.76203 -1.71548 
0.19847 5.86206 0.74809 -1.68908 
0.19995 5.85870 0.73393 -1.66226 
0.20140 5.85541 0.71958 -1.63504 
0.20283 5.85216 0.70503 -1.60742 
0.20422 5.84898 0.69028 -1.57941 
0.20592 5.84516 1.00575 -2.23685 
0.20824 5.84003 1.31930 -2.89039 
0.21119 5.83360 1.63034 -3.53888 
0.21476 5.82588 1.93830 -4.18114 
0.21894 5.81688 2.24261 -4.81601 
0.22373 5.80662 2.54267 -5.44230 
0.22911 5.79512 2.83791 -6.05884 
0.23508 5.78239 3.12775 -6.66446 
0.24162 5.76847 3.41162 -7.25801 
0.24872 5.75337 3.68895 -7.83837 
0.25637 5.73713 3.95922 -8.40445 
0.26455 5.71976 4.22190 -8.95522 
0.27325 5.70132 4.47651 -9.48971 
0.28245 5.68182 4.72260 -10.00702 
0.29214 5.66130 4.95978 -10.50637 
0.30228 5.63980 5.18767 -10.98704 
0.31288 5.61736 5.40599 -11.44845 
0.32390 5.59402 5.61448 -11.89012 
0.33533 5.56982 5.81296 -12.31172 
0.34715 5.54479 6.00132 -12.71303 
0.35933 5.51898 6.17948 -13.09396 
0.37186 5.49243 6.34745 -13.45455 
0.38471 5.46517 6.50530 -13.79497 
0.39787 5.43726 6.65313 -14.11549 
0.41132 5.40873 6.79112 -14.41651 
0.42503 5.37961 6.91948 -14.69850 
0.43899 5.34994 7.03847 -14.96203 
0.45318 5.31977 7.14836 -15.20776 
0.46758 5.28912 7.24950 -15.43638 
0.48217 5.25804 7.34220 -15.64864 
0.49694 5.22654 7.42684 -15.84533 
0.51187 5.19466 7.50379 -16.02727 
0.52695 5.16244 7.57341 -16.19530 
0.54216 5.12989 7.63610 -16.35023 
0.55749 5.09705 7.69221 -16.49292 
0.57293 5.06393 7.74214 -16.62418 
0.58846 5.03056 7.78622 -16.74483 
0.60407 4.99696 7.82482 -16.85564 
0.61975 4.96314 7.85827 -16.95738 
0.63550 4.92913 7.88688 -17.05080 
0.65130 4.89494 7.91097 -17.13658 
0.66714 4.86059 7.93082 -17.21542 
0.68302 4.82609 7.94669 -17.28794 
0.69892 4.79144 7.95884 -17.35475 
0.71485 4.75667 7.96750 -17.41644 
0.73079 4.72178 7.97288 -17.47354 
0.74674 4.68678 7.97518 -17.52656 
0.76269 4.65168 7.97459 -17.57599 
0.77864 4.61648 7.97126 -17.62228 
0.79457 4.58119 7.96534 -17.66585 
0.81050 4.54581 7.95697 -17.70710 
0.82640 4.51036 7.94627 -17.74641 
0.84228 4.47483 7.93335 -17.78412 
0.85813 4.43923 7.91830 -17.82056 
0.87395 4.40355 7.90120 -17.85605 
0.88974 4.36780 7.88214 -17.89086 
0.90548 4.33199 7.86117 -17.92528 
0.92118 4.29610 7.83837 -17.95956 
0.93683 4.26015 7.81377 -17.99394 
0.95243 4.22412 7.78744 -18.02865 
0.96798 4.18803 7.75942 -18.06392 
0.98347 4.15187 7.72977 -18.09994 
0.99890 4.11563 7.69853 -18.13691 
1.01426 4.07932 7.66576 -18.17502 
1.02956 4.04293 7.63153 -18.21446 
1.04479 4.00646 7.59590 -18.25540 
1.05994 3.96991 7.55897 -18.29801 
1.07502 3.93327 7.52084 -18.34245 
1.09003 3.89654 7.48163 -18.38889 
1.10495 3.85971 7.44149 -18.43749 
1.11979 3.82279 7.40060 -18.48841 
1.13455 3.78576 7.35916 -18.54180 
1.14923 3.74862 7.31743 -18.59782 
1.16382 3.71136 7.27568 -18.65663 
1.17833 3.67399 7.23425 -18.71838 
1.19276 3.63649 7.19351 -18.78325 
1.20710 3.59885 7.15387 -18.85140 
1.22137 3.56108 7.11582 -18.92299 
1.23557 3.52316 7.07987 -18.99821 
1.24970 3.48508 7.04659 -19.07723 
1.26376 3.44685 7.01658 -19.16024 
1.27776 3.40844 6.99048 -19.24744 
1.29172 3.36985 6.96898 -19.33902 
1.30564 3.33108 6.95277 -19.43522 
1.31954 3.29211 6.94253 -19.53625 
1.33342 3.25293 6.93897 -19.64234 
1.34730 3.21354 6.94275 -19.75376 
1.36119 3.17391 6.95451 -19.87075 
1.37512 3.13405 6.97484 -19.99361 
1.38910 3.09393 7.00427 -20.12262 
1.40315 3.05356 7.04323 -20.25810 
1.41728 3.01290 7.09211 -20.40039 
1.43152 2.97195 7.15119 -20.54984 
1.44589 2.93069 7.22067 -20.70684 
1.46041 2.88912 7.30066 -20.87178 
1.47510 2.84720 7.39120 -21.04510 
1.48998 2.80493 7.49226 -21.22728 
1.50493 2.76263 7.45422 -21.07826 
1.51980 2.72061 7.42245 -20.93472 
1.53462 2.67888 7.39613 -20.79638 
1.54939 2.63742 7.37448 -20.66295 
1.56412 2.59623 7.35680 -20.53418 
1.57882 2.55528 7.34241 -20.40981 
1.59349 2.51459 7.33071 -20.28959 
1.60815 2.47412 7.32116 -20.17328 
1.62278 2.43389 7.31327 -20.06065 
1.63740 2.39388 7.30662 -19.95146 
1.65201 2.35408 7.30083 -19.84550 
1.66660 2.31449 7.29556 -19.74255 
1.68119 2.27511 7.29053 -19.64238 
1.69576 2.23592 7.28549 -19.54478 
1.71033 2.19693 7.28021 -19.44954 
1.72489 2.15812 7.27450 -19.35645 
1.73943 2.11950 7.26820 -19.26528 
1.75396 2.08106 7.26116 -19.17581 
1.76847 2.04280 7.25324 -19.08784 
1.78297 2.00471 7.24432 -19.00113 
1.79745 1.96679 7.23430 -18.91546 
1.81191 1.92905 7.22306 -18.83059 
1.82634 1.89147 7.21051 -18.74628 
1.84075 1.85406 7.19655 -18.66228 
1.85513 1.81682 7.18109 -18.57833 
1.86947 1.77975 7.16401 -18.49417 
1.88378 1.74284 7.14523 -18.40951 
1.89805 1.70611 7.12463 -18.32408 
1.91228 1.66955 7.10211 -18.23755 
1.92646 1.63316 7.07754 -18.14963 
1.94059 1.59695 7.05081 -18.05998 
1.95466 1.56092 7.02178 -17.96825 
1.96867 1.52508 6.99031 -17.87408 
1.98262 1.48943 6.95625 -17.77710 
1.99649 1.45397 6.91944 -17.67691 
2.01029 1.41872 6.87972 -17.57310 
2.02401 1.38368 6.83690 -17.46523 
2.03764 1.34887 6.79079 -17.35288 
2.05117 1.31428 6.74120 -17.23556 
2.06460 1.27993 6.68792 -17.11281 
2.07792 1.24583 6.63074 -16.98413 
2.09112 1.21199 6.56943 -16.84902 
2.10420 1.17844 6.50377 -16.70696 
2.11713 1.14517 6.43352 -16.55742 
2.12993 1.11221 6.35843 -16.39989 
2.14256 1.07958 6.27828 -16.23382 
2.15504 1.04728 6.19283 -16.05869 
2.16733 1.01535 6.10183 -15.87399 
2.17944 0.98379 6.00505 -15.67921 
2.19135 0.95264 5.90229 -15.47385 
2.20305 0.92191 5.79332 -15.25748 
2.21452 0.89162 5.67795 -15.02964 
2.22575 0.86180 5.55601 -14.78997 
2.23674 0.83247 5.42735 -14.53811 
2.24746 0.80365 5.29184 -14.27378 
2.25790 0.77538 5.14937 -13.99674 
2.26805 0.74767 4.99988 -13.70682 
2.27789 0.72056 4.84334 -13.40394 
2.28742 0.69407 4.67975 -13.08805 
2.29661 0.66822 4.50915 -12.75921 
2.30545 0.64304 4.33160 -12.41754 
2.31393 0.61856 4.14722 -12.06324 
2.32204 0.59479 3.95616 -11.69658 
2.32975 0.57178 3.75860 -11.31790 
2.33707 0.54953 3.55476 -10.92760 
2.34397 0.52807 3.34486 -10.52614 
2.35044 0.50743 3.12919 -10.11405 
2.35648 0.48762 2.90803 -9.69186 
2.36207 0.46867 2.68167 -9.26017 
2.36720 0.45059 2.45044 -8.81960 
2.37187 0.43340 2.21466 -8.37077 
2.37606 0.41711 1.97465 -7.91431 
2.37976 0.40175 1.73073 -7.45087 
2.38298 0.38731 1.48324 -6.98106 
2.38570 0.37383 1.23248 -6.50549 
2.38791 0.36129 0.97875 -6.02476 
2.38961 0.34973 0.72234 -5.53942 
2.39079 0.33914 0.46352 -5.05002 
2.39146 0.32953 0.20255 -4.55706 
2.39160 0.32091 -0.06033 -4.06102 
2.39122 0.31329 -0.32489 -3.56233 
2.39030 0.30667 -0.59093 -3.06143 
2.38885 0.30104 -0.85825 -2.55868 
2.38687 0.29643 -1.12667 -2.05447 
2.38435 0.29283 -1.39602 -1.54913 
2.38129 0.29024 -1.66615 -1.04299 
2.37768 0.28866 -1.93690 -0.53635 
2.37354 0.28809 -2.20813 -0.02954 
2.36885 0.28854 -2.47970 0.47714 
2.36362 0.29000 -2.75147 0.98339 
2.35784 0.29247 -3.02331 1.48890 
2.35153 0.29595 -3.29506 1.99332 
2.34466 0.30044 -3.56657 2.49633 
2.33726 0.30594 -3.83770 2.99754 
2.32931 0.31243 -4.10827 3.49657 
2.32083 0.31992 -4.37810 3.99299 
2.31180 0.32840 -4.64701 4.48634 
2.30224 0.33786 -4.91478 4.97615 
2.29214 0.34830 -5.18122 5.46188 
2.28152 0.35971 -5.44607 5.94299 
2.27036 0.37207 -5.70911 6.41887 
2.25868 0.38538 -5.97008 6.88892 
2.24648 0.39962 -6.22871 7.35249 
2.23353 0.41527 -6.71846 8.29358 
2.21961 0.43279 -7.20137 9.21783 
2.20473 0.45213 -7.67638 10.12281 
2.18891 0.47326 -8.14241 11.00607 
2.17217 0.49614 -8.59841 11.86516 
2.15453 0.52071 -9.04336 12.69766 
2.13600 0.54691 -9.47631 13.50128 
2.11663 0.57469 -9.89638 14.27390 
2.09643 0.60398 -10.30283 15.01363 
2.07543 0.63472 -10.69506 15.71884 
2.05366 0.66684 -11.07263 16.38824 
2.03115 0.70025 -11.43528 17.02090 
2.00793 0.73489 -11.78295 17.61623 
1.98403 0.77069 -12.11576 18.17407 
1.95947 0.80757 -12.43401 18.69458 
1.93430 0.84544 -12.73822 19.17831 
1.90853 0.88425 -13.02902 19.62611 
1.88219 0.92393 -13.30722 20.03911 
1.85531 0.96439 -13.57375 20.41867 
1.82790 1.00558 -13.82964 20.76635 
1.80000 1.04743 -14.07599 21.08385 
1.77160 1.08990 -14.31397 21.37294 
1.74274 1.13291 -14.54479 21.63547 
1.71343 1.17642 -14.76969 21.87330 
1.68367 1.22039 -14.98990 22.08828 
1.65347 1.26476 -15.20666 22.28219 
1.62284 1.30950 -15.42120 22.45679 
1.59179 1.35458 -15.63471 22.61373 
1.56033 1.39990 -15.82582 22.70726 
1.52848 1.44540 -16.01936 22.78892 
1.49625 1.49105 -16.21632 22.85991 
1.46361 1.53683 -16.41766 22.92131 
1.43057 1.58273 -16.62432 22.97411 
1.39711 1.62872 -16.83717 23.01920 
1.36322 1.67480 -17.05706 23.05738 
1.32888 1.72095 -17.28480 23.08939 
1.29408 1.76715 -17.52116 23.11588 
1.25879 1.81341 -17.76684 23.13744 
1.22300 1.85970 -18.02250 23.15460 
1.18669 1.90602 -18.28875 23.16785 
1.14984 1.95237 -18.56610 23.17765 
1.11242 1.99873 -18.85500 23.18442 
1.07441 2.04510 -19.15578 23.18858 
1.03579 2.09148 -19.46867 23.19053 
0.99653 2.13787 -19.79374 23.19071 
0.95661 2.18425 -20.13090 23.18954 
0.91600 2.23062 -20.47989 23.18754 
0.87468 2.27700 -20.84020 23.18522 
0.83263 2.32336 -21.21109 23.18321 
0.78983 2.36973 -21.59153 23.18221 
0.74626 2.41609 -21.98018 23.18303 
0.70190 2.46246 -22.37536 23.18657 
0.65675 2.50884 -22.77503 23.19391 
0.61080 2.55524 -23.17676 23.20624 
0.56405 2.60167 -23.57775 23.22492 
0.51649 2.64815 -23.97482 23.25144 
0.46815 2.69468 -24.36441 23.28746 
0.41904 2.74130 -24.74266 23.33476 
0.36919 2.78803 -25.10545 23.39524 
0.31863 2.83490 -25.44848 23.47087 
0.26741 2.88193 -25.76740 23.56369 
0.21558 2.92916 -26.05787 23.67570 
0.16338 2.97623 -26.13476 23.39342 
0.11107 3.02275 -26.17531 23.13568 
0.05871 3.06879 -26.17787 22.90261 
0.00638 3.11438 -26.14157 22.69410 
6.23735 3.15958 -26.06634 22.50979 
6.18533 3.20443 -25.95282 22.34911 
6.13357 3.24899 -25.80235 22.21119 
6.08214 3.29329 -25.61685 22.09498 
6.03112 3.33739 -25.39877 21.99922 
5.98057 3.38130 -25.15097 21.92249 
5.93054 3.42509 -24.87661 21.86326 
5.88108 3.46877 -24.57907 21.81992 
5.83223 3.51238 -24.26182 21.79084 
5.78404 3.55594 -23.92837 21.77439 
5.73653 3.59948 -23.58215 21.76897 
5.68972 3.64302 -23.22649 21.77306 
5.64363 3.68658 -22.86450 21.78525 
5.59826 3.73017 -22.49910 21.80422 
5.55363 3.77380 -22.13293 21.82876 
5.50973 3.81748 -21.76835 21.85781 
5.46655 3.86123 -21.40746 21.89041 
5.42410 3.90505 -21.05207 21.92575 
5.38234 3.94894 -20.70370 21.96309 
5.34128 3.99290 -20.36362 22.00185 
5.30088 4.03694 -20.03286 22.04148 
5.26114 4.08107 -19.71221 22.08157 
5.22202 4.12527 -19.40227 22.12173 
5.18352 4.16955 -19.10344 22.16167 
5.14560 4.21392 -18.81598 22.20112 
5.10825 4.25836 -18.53999 22.23985 
5.07144 4.30288 -18.27545 22.27764 
5.03514 4.34747 -18.02224 22.31432 
4.99934 4.39213 -17.78015 22.34968 
4.96401 4.43687 -17.54889 22.38352 
4.92914 4.48167 -17.32810 22.41564 
4.89469 4.52653 -17.11736 22.44580 
4.86066 4.57145 -16.91621 22.47372 
4.82702 4.61642 -16.72415 22.49910 
4.79376 4.66144 -16.54062 22.52159 
4.76085 4.70650 -16.36505 22.54077 
4.72829 4.75160 -16.19682 22.55616 
4.69606 4.79673 -16.03528 22.56723 
4.66415 4.84187 -15.87975 22.57335 
4.63254 4.88702 -15.72951 22.57381 
4.60123 4.93216 -15.58381 22.56780 
4.57020 4.97728 -15.44186 22.55442 
4.53946 5.02237 -15.30282 22.53266 
4.50899 5.06741 -15.16583 22.50139 
4.47879 5.11237 -15.02996 22.45936 
4.44887 5.15724 -14.89426 22.40522 
4.41922 5.20198 -14.75773 22.33749 
4.38984 5.24658 -14.61931 22.25457 
4.36074 5.29099 -14.47792 22.15477 
4.33193 5.33518 -14.33245 22.03631 
4.30342 5.37912 -14.18176 21.89733 
4.27521 5.42276 -14.02470 21.73593 
4.24732 5.46605 -13.86012 21.55022 
4.21977 5.50894 -13.68692 21.33833 
4.19258 5.55138 -13.50403 21.09849 
4.16576 5.59331 -13.31046 20.82905 
4.13935 5.63468 -13.10531 20.52859 
4.11335 5.67541 -12.88784 20.19592 
4.08780 5.71544 -12.65744 19.83019 
4.06273 5.75471 -12.41371 19.43090 
4.03816 5.79314 -12.15642 18.99797 
4.01411 5.83068 -11.88558 18.53176 
3.99062 5.86725 -11.60141 18.03305 
3.96772 5.90279 -11.30434 17.50307 
3.94542 5.93724 -10.99500 16.94345 
3.92374 5.97054 -10.67420 16.35617 
3.90273 6.00265 -10.34289 15.74349 
3.88238 6.03350 -10.00212 15.10791 
3.86272 6.06306 -9.65303 14.45203 
3.84377 6.09130 -9.29678 13.77855 
3.82554 6.11817 -8.93454 13.09011 
3.80804 6.14365 -8.56742 12.38929 
3.79127 6.16772 -8.19648 11.67851 
3.77525 6.19036 -7.82271 10.96001 
3.75998 6.21156 -7.44697 10.23580 
3.74547 6.23130 -7.07003 9.50764 
3.73170 6.24958 -6.69253 8.77705 
3.71870 6.26641 -6.31501 8.04530 
3.70644 6.28177 -5.93789 7.31339 
3.69494 0.01248 -5.56148 6.58213 
3.68420 0.02491 -5.18600 5.85208 
3.67420 0.03588 -4.81159 5.12363 
3.66495 0.04540 -4.43830 4.39698 
3.65644 0.05347 -4.06612 3.67219 
3.64868 0.06009 -3.69498 2.94920 
3.64166 0.06527 -3.32477 2.22783 
3.63538 0.06901 -2.95535 1.50783 
3.62984 0.07130 -2.58653 0.78888 
3.62504 0.07216 -2.21815 0.07061 
3.62097 0.07159 -1.84999 -0.64736 
3.61764 0.06957 -1.48186 -1.36542 
3.61504 0.06612 -1.11359 -2.08397 
3.61318 0.06124 -0.74502 -2.80334 
3.61206 0.05491 -0.37601 -3.52383 
3.61168 0.04714 -0.00647 -4.24567 
3.61204 0.03793 0.36364 -4.96898 
3.61313 0.02726 0.73430 -5.69379 
3.61497 0.01515 1.10544 -6.41999 
3.61756 0.00158 1.47687 -7.14729 
3.62088 6.26975 1.84836 -7.87525 
3.62495 6.25327 2.21952 -8.60323 
3.62976 6.23533 2.58991 -9.33035 
3.63531 6.21595 2.95894 -10.05553 
3.64159 6.19511 3.32591 -10.77742 
3.64861 6.17284 3.68999 -11.49446 

