0.00000 0.00000 0.00000 0.00000 
6.28291 0.00045 -0.27645 0.45029 
6.28208 0.00180 -0.55281 0.90043 
6.28070 0.00405 -0.82899 1.35023 
6.27877 0.00720 -1.10491 1.79952 
6.27628 0.01125 -1.38045 2.24810 
6.27325 0.01619 -1.65552 2.69577 
6.26966 0.02203 -1.92999 3.14229 
6.26553 0.02876 -2.20374 3.58738 
6.26085 0.03638 -2.47660 4.03076 
6.25562 0.04488 -2.74844 4.47208 
6.24985 0.05427 -3.01905 4.91098 
6.24355 0.06453 -3.28826 5.34702 
6.23670 0.07565 -3.55583 5.77976 
6.22932 0.08764 -3.82154 6.20867 
6.22142 0.10048 -4.08512 6.63320 
6.21299 0.11417 -4.34631 7.05275 
6.20403 0.12869 -4.60480 7.46667 
6.19457 0.14403 -4.86029 7.87427 
6.18459 0.16018 -5.11245 8.27482 
6.17412 0.17713 -5.36094 8.66758 
6.16315 0.19485 -5.60542 9.05176 
6.15170 0.21333 -5.84554 9.42656 
6.13977 0.23255 -6.08096 9.79120 
6.12738 0.25249 -6.31133 10.14489 
6.11453 0.27312 -6.53633 10.48684 
6.10124 0.29443 -6.75565 10.81633 
6.08751 0.31638 -6.96900 11.13266 
6.07337 0.33895 -7.17614 11.43518 
6.05881 0.36211 -7.37683 11.72333 
6.04387 0.38583 -7.57090 11.99661 
6.02854 0.41008 -7.75822 12.25460 
6.01284 0.43484 -7.93869 12.49700 
5.99678 0.46006 -8.11228 12.72357 
5.98039 0.48572 -8.27899 12.93419 
5.96367 0.51179 -8.43889 13.12884 
5.94664 0.53823 -8.59207 13.30759 
5.92931 0.56501 -8.73870 13.47060 
5.91166 0.59215 -8.91439 13.67200 
5.89366 0.61968 -9.08310 13.85611 
5.87533 0.64757 -9.24505 14.02324 
5.85668 0.67577 -9.40055 14.17378 
5.83773 0.70425 -9.54991 14.30819 
5.81848 0.73299 -9.69348 14.42700 
5.79896 0.76195 -9.83166 14.53077 
5.77916 0.79110 -9.96483 14.62013 
5.75910 0.82042 -10.09341 14.69571 
5.73879 0.84988 -10.21783 14.75818 
5.71823 0.87944 -10.33852 14.80819 
5.69744 0.90910 -10.45590 14.84642 
5.67641 0.93882 -10.57040 14.87353 
5.65516 0.96859 -10.68245 14.89015 
5.63368 0.99838 -10.79244 14.89692 
5.61199 1.02817 -10.90079 14.89442 
5.59008 1.05795 -11.00788 14.88325 
5.56796 1.08770 -11.11408 14.86392 
5.54563 1.11740 -11.21975 14.83696 
5.52308 1.14704 -11.32523 14.80284 
5.50032 1.17661 -11.43085 14.76200 
5.47736 1.20608 -11.53692 14.71485 
5.45418 1.23546 -11.64373 14.66176 
5.43078 1.26473 -11.75155 14.60307 
5.40717 1.29387 -11.86065 14.53910 
5.38334 1.32288 -11.97128 14.47011 
5.35928 1.35175 -12.08365 14.39637 
5.33500 1.38046 -12.19799 14.31809 
5.31049 1.40902 -12.31449 14.23545 
5.28574 1.43740 -12.43335 14.14864 
5.26075 1.46561 -12.55472 14.05780 
5.23552 1.49363 -12.67878 13.96305 
5.21004 1.52146 -12.80565 13.86449 
5.18430 1.54909 -12.93547 13.76221 
5.15829 1.57650 -13.06835 13.65627 
5.13202 1.60371 -13.20441 13.54672 
5.10547 1.63069 -13.34371 13.43361 
5.07864 1.65744 -13.48635 13.31694 
5.05153 1.68395 -13.63237 13.19675 
5.02411 1.71022 -13.78183 13.07302 
4.99640 1.73624 -13.93476 12.94575 
4.96837 1.76201 -14.09118 12.81493 
4.94003 1.78750 -14.25109 12.68053 
4.91136 1.81273 -14.41448 12.54254 
4.88237 1.83767 -14.58132 12.40091 
4.85304 1.86233 -14.75157 12.25563 
4.82336 1.88669 -14.92518 12.10665 
4.79333 1.91075 -15.10207 11.95395 
4.76295 1.93450 -15.28216 11.79750 
4.73220 1.95794 -15.46533 11.63725 
4.70109 1.98105 -15.65148 11.47320 
4.66960 2.00383 -15.84047 11.30532 
4.63772 2.02627 -16.03215 11.13358 
4.60547 2.04836 -16.22635 10.95799 
4.57282 2.07010 -16.42290 10.77853 
4.53977 2.09147 -16.62162 10.59522 
4.50633 2.11248 -16.82229 10.40806 
4.47248 2.13310 -17.02470 10.21708 
4.43843 2.15321 -17.02429 9.89124 
4.40439 2.17267 -17.02223 9.56918 
4.37034 2.19149 -17.01830 9.25089 
4.33631 2.20967 -17.01232 8.93635 
4.30230 2.22724 -17.00411 8.62557 
4.26830 2.24418 -16.99354 8.31855 
4.23432 2.26051 -16.98047 8.01533 
4.20038 2.27624 -16.96481 7.71591 
4.16647 2.29138 -16.94647 7.42032 
4.13259 2.30593 -16.92537 7.12858 
4.09877 2.31990 -16.90149 6.84073 
4.06499 2.33329 -16.87478 6.55679 
4.03127 2.34613 -16.84523 6.27678 
3.99761 2.35840 -16.81285 6.00073 
3.96402 2.37013 -16.77765 5.72865 
3.93050 2.38132 -16.73965 5.46058 
3.89706 2.39198 -16.69889 5.19650 
3.86371 2.40211 -16.65542 4.93645 
3.83044 2.41172 -16.60930 4.68042 
3.79727 2.42083 -16.56058 4.42841 
3.76420 2.42944 -16.50935 4.18041 
3.73124 2.43756 -16.45565 3.93641 
3.69838 2.44519 -16.39959 3.69641 
3.66564 2.45235 -16.34123 3.46037 
3.63302 2.45903 -16.28065 3.22827 
3.60052 2.46526 -16.21793 3.00008 
3.56815 2.47104 -16.15316 2.77576 
3.53591 2.47637 -16.08642 2.55527 
3.50380 2.48126 -16.01777 2.33857 
3.47184 2.48572 -15.94731 2.12559 
3.44002 2.48976 -15.87509 1.91630 
3.40834 2.49339 -15.80120 1.71062 
3.37681 2.49661 -15.72569 1.50850 
3.34544 2.49943 -15.64863 1.30986 
3.31422 2.50185 -15.57008 1.11465 
3.28316 2.50389 -15.49009 0.92278 
3.25226 2.50554 -15.40871 0.73418 
3.22177 2.50671 -15.08406 0.43203 
3.19192 2.50728 -14.75803 0.13837 
3.16274 2.50727 -14.43086 -0.14707 
3.13420 2.50670 -14.10282 -0.42452 
3.10632 2.50558 -13.77412 -0.69422 
3.07911 2.50392 -13.44499 -0.95640 
3.05254 2.50175 -13.11565 -1.21128 
3.02664 2.49908 -12.78629 -1.45908 
3.00140 2.49592 -12.45712 -1.70001 
2.97681 2.49229 -12.12832 -1.93427 
2.95289 2.48819 -11.80007 -2.16205 
2.92961 2.48364 -11.47255 -2.38355 
2.90699 2.47866 -11.14592 -2.59894 
2.88503 2.47325 -10.82036 -2.80842 
2.86371 2.46743 -10.49601 -3.01214 
2.84304 2.46121 -10.17303 -3.21027 
2.82302 2.45459 -9.85158 -3.40299 
2.80364 2.44760 -9.53180 -3.59045 
2.78489 2.44023 -9.21382 -3.77281 
2.76678 2.43251 -8.89778 -3.95021 
2.74930 2.42444 -8.58382 -4.12282 
2.73244 2.41602 -8.27206 -4.29076 
2.71621 2.40728 -7.96263 -4.45420 
2.70059 2.39821 -7.65564 -4.61327 
2.68558 2.38883 -7.35121 -4.76811 
2.67118 2.37914 -7.04944 -4.91887 
2.65738 2.36915 -6.75044 -5.06567 
2.64418 2.35888 -6.45430 -5.20867 
2.63157 2.34832 -6.16111 -5.34798 
2.61953 2.33749 -5.87097 -5.48376 
2.60808 2.32639 -5.58395 -5.61613 
2.59720 2.31503 -5.30012 -5.74524 
2.58688 2.30341 -5.01955 -5.87121 
2.57712 2.29154 -4.74230 -5.99417 
2.56791 2.27943 -4.46842 -6.11428 
2.55924 2.26709 -4.19796 -6.23166 
2.55111 2.25451 -3.93096 -6.34644 
2.54351 2.24170 -3.66744 -6.45877 
2.53644 2.22868 -3.40744 -6.56877 
2.52988 2.21543 -3.15097 -6.67659 
2.52383 2.20197 -2.89804 -6.78236 
2.51829 2.18830 -2.64866 -6.88623 
2.51324 2.17443 -2.40282 -6.98832 
2.50867 2.16035 -2.16051 -7.08877 
2.50459 2.14607 -1.92173 -7.18773 
2.50098 2.13160 -1.68643 -7.28533 
2.49784 2.11693 -1.45460 -7.38172 
2.49516 2.10207 -1.22620 -7.47702 
2.49294 2.08703 -1.00120 -7.57139 
2.49116 2.07179 -0.77953 -7.66497 
2.48982 2.05637 -0.56115 -7.75789 
2.48891 2.04076 -0.34600 -7.85030 
2.48843 2.02497 -0.13402 -7.94235 
2.48837 2.00899 0.07486 -8.03417 
2.48873 1.99283 0.28071 -8.12592 
2.48949 1.97648 0.48361 -8.21773 
2.49066 1.95996 0.68365 -8.30976 
2.49223 1.94325 0.88090 -8.40216 
2.49418 1.92635 1.07546 -8.49507 
2.49653 1.90926 1.26743 -8.58866 
2.49925 1.89199 1.45690 -8.68307 
2.50235 1.87453 1.64397 -8.77845 
2.50582 1.85688 1.82875 -8.87498 
2.50966 1.83903 2.01134 -8.97281 
2.51387 1.82099 2.19187 -9.07210 
2.51843 1.80274 2.37044 -9.17303 
2.52335 1.78429 2.54717 -9.27576 
2.52862 1.76564 2.72220 -9.38048 
2.53424 1.74677 2.89563 -9.48735 
2.54020 1.72769 3.06761 -9.59657 
2.54651 1.70838 3.23826 -9.70832 
2.55315 1.68885 3.40772 -9.82281 
2.56014 1.66909 3.57614 -9.94023 
2.56746 1.64909 3.74366 -10.06079 
2.57511 1.62884 3.91042 -10.18471 
2.58310 1.60835 4.07658 -10.31221 
2.59142 1.58759 4.24229 -10.44353 
2.60007 1.56657 4.40773 -10.57891 
2.60905 1.54527 4.57305 -10.71861 
2.61836 1.52369 4.73844 -10.86288 
2.62800 1.50182 4.90406 -11.01201 
2.63798 1.47964 5.07012 -11.16629 
2.64828 1.45715 5.23679 -11.32603 
2.65892 1.43433 5.40429 -11.49153 
2.66990 1.41118 5.57282 -11.66314 
2.68122 1.38768 5.74260 -11.84121 
2.69287 1.36381 5.91385 -12.02612 
2.70487 1.33957 6.08681 -12.21826 
2.71722 1.31493 6.26174 -12.41805 
2.72992 1.28989 6.43888 -12.62591 
2.74298 1.26442 6.61851 -12.84231 
2.75640 1.23851 6.80091 -13.06775 
2.77018 1.21215 6.98638 -13.30272 
2.78407 1.18563 6.90163 -13.20939 
2.79779 1.15931 6.81659 -13.11297 
2.81134 1.13318 6.73113 -13.01331 
2.82471 1.10726 6.64511 -12.91027 
2.83792 1.08154 6.55840 -12.80370 
2.85095 1.05605 6.47086 -12.69345 
2.86380 1.03077 6.38238 -12.57939 
2.87647 1.00573 6.29283 -12.46137 
2.88897 0.98093 6.20209 -12.33926 
2.90128 0.95638 6.11005 -12.21295 
2.91341 0.93208 6.01662 -12.08230 
2.92535 0.90805 5.92168 -11.94722 
2.93710 0.88430 5.82516 -11.80761 
2.94865 0.86082 5.72697 -11.66337 
2.96000 0.83765 5.62704 -11.51443 
2.97115 0.81477 5.52528 -11.36073 
2.98210 0.79221 5.42166 -11.20222 
2.99284 0.76996 5.31612 -11.03888 
3.00336 0.74805 5.20861 -10.87067 
3.01367 0.72648 5.09911 -10.69761 
3.02376 0.70527 4.98760 -10.51971 
3.03362 0.68441 4.87407 -10.33701 
3.04325 0.66392 4.75851 -10.14955 
3.05265 0.64381 4.64094 -9.95741 
3.06182 0.62409 4.52138 -9.76067 
3.07073 0.60479 4.38809 -9.54162 
3.07937 0.58593 4.25269 -9.31776 
3.08774 0.56752 4.11521 -9.08923 
3.09583 0.54958 3.97571 -8.85621 
3.10364 0.53210 3.83427 -8.61887 
3.11116 0.51510 3.69097 -8.37742 
3.11840 0.49859 3.54587 -8.13204 
3.12535 0.48258 3.39906 -7.88296 
3.13200 0.46707 3.25063 -7.63039 
3.13835 0.45206 3.10068 -7.37454 
3.14440 0.43757 2.94929 -7.11563 
3.15014 0.42360 2.79656 -6.85389 
3.15558 0.41016 2.64258 -6.58952 
3.16071 0.39724 2.48744 -6.32274 
3.16553 0.38487 2.33123 -6.05376 
3.17004 0.37303 2.17404 -5.78277 
3.17423 0.36174 2.01594 -5.50997 
3.17810 0.35099 1.85703 -5.23553 
3.18166 0.34079 1.69736 -4.95964 
3.18489 0.33115 1.53703 -4.68244 
3.18780 0.32207 1.37608 -4.40409 
3.19039 0.31354 1.21457 -4.12473 
3.19266 0.30557 1.05257 -3.84449 
3.19460 0.29816 0.89013 -3.56348 
3.19622 0.29131 0.72728 -3.28180 
3.19751 0.28503 0.56406 -2.99955 
3.19848 0.27932 0.40052 -2.71682 
3.19911 0.27417 0.23667 -2.43367 
3.19942 0.26958 0.07255 -2.15017 
3.19940 0.26556 -0.09183 -1.86638 
3.19906 0.26212 -0.25645 -1.58234 
3.19838 0.25924 -0.42128 -1.29810 
3.19737 0.25692 -0.58633 -1.01370 
3.19603 0.25518 -0.75159 -0.72917 
3.19436 0.25401 -0.91704 -0.44453 
3.19236 0.25340 -1.08268 -0.15982 
3.19003 0.25337 -1.24850 0.12494 
3.18737 0.25390 -1.41451 0.40972 
3.18438 0.25501 -1.58069 0.69449 
3.18105 0.25668 -1.74705 0.97923 
3.17739 0.25892 -1.91358 1.26390 
3.17339 0.26174 -2.08026 1.54847 
3.16907 0.26512 -2.24709 1.83289 
3.16440 0.26907 -2.41406 2.11711 
3.15941 0.27359 -2.58116 2.40108 
3.15408 0.27867 -2.74836 2.68472 
3.14842 0.28432 -2.91565 2.96798 
3.14242 0.29054 -3.08299 3.25075 
3.13608 0.29733 -3.25037 3.53295 
3.12942 0.30467 -3.41774 3.81446 
3.12288 0.31184 -3.11980 3.35173 
3.11693 0.31808 -2.82374 2.89303 
3.11158 0.32341 -2.52932 2.43790 
3.10681 0.32785 -2.24528 2.00016 
3.10258 0.33145 -1.98732 1.60470 
3.09884 0.33430 -1.75274 1.24703 
3.09554 0.33647 -1.53920 0.92326 
3.09266 0.33803 -1.34464 0.63000 
3.09015 0.33902 -1.16726 0.36428 
3.08798 0.33951 -1.00547 0.12351 
3.08611 0.33954 -0.85788 -0.09461 
3.08453 0.33915 -0.72324 -0.29213 
3.08321 0.33839 -0.60043 -0.47086 
3.08212 0.33728 -0.48845 -0.63241 
3.08124 0.33587 -0.38641 -0.77825 
3.08056 0.33419 -0.29349 -0.90970 
3.08006 0.33225 -0.20895 -1.02794 
3.07972 0.33009 -0.13212 -1.13404 
3.07953 0.32772 -0.06238 -1.22901 
3.07946 0.32518 0.00081 -1.31373 
3.07952 0.32248 0.05799 -1.38904 
3.07969 0.31963 0.10963 -1.45569 
3.07996 0.31666 0.15616 -1.51437 
3.08031 0.31358 0.19799 -1.56575 
3.08074 0.31041 0.23550 -1.61040 
3.08125 0.30715 0.26902 -1.64888 
3.08182 0.30382 0.29889 -1.68171 
3.08244 0.30043 0.32540 -1.70934 
3.08311 0.29699 0.34883 -1.73223 
3.08383 0.29350 0.36942 -1.75078 
3.08459 0.28999 0.38743 -1.76536 
3.08538 0.28644 0.40307 -1.77632 
3.08620 0.28288 0.41655 -1.78399 
3.08704 0.27931 0.42804 -1.78867 
3.08791 0.27573 0.43774 -1.79063 
3.08879 0.27215 0.44580 -1.79013 
3.08969 0.26857 0.45238 -1.78741 
3.09060 0.26500 0.45760 -1.78269 
3.09152 0.26145 0.46160 -1.77617 
3.09245 0.25790 0.46450 -1.76803 
3.09338 0.25438 0.46640 -1.75845 
3.09431 0.25087 0.46741 -1.74759 
3.09525 0.24739 0.46761 -1.73559 
3.09618 0.24393 0.46709 -1.72258 
3.09711 0.24050 0.46593 -1.70868 
3.09804 0.23709 0.46420 -1.69402 
3.09897 0.23372 0.46196 -1.67868 
3.09989 0.23038 0.45927 -1.66276 
3.10081 0.22707 0.45618 -1.64634 
3.10172 0.22380 0.45275 -1.62951 
3.10262 0.22055 0.44901 -1.61233 
3.10351 0.21735 0.44502 -1.59486 
3.10440 0.21417 0.44079 -1.57716 
3.10527 0.21104 0.43637 -1.55928 
3.10614 0.20794 0.43179 -1.54127 
3.10700 0.20487 0.42707 -1.52318 
3.10785 0.20185 0.42224 -1.50502 
3.10869 0.19885 0.41731 -1.48685 
3.10952 0.19590 0.41232 -1.46869 
3.11034 0.19298 0.40726 -1.45056 
3.11115 0.19010 0.40217 -1.43250 
3.11195 0.18725 0.39705 -1.41451 
3.11274 0.18444 0.39192 -1.39662 
3.11352 0.18166 0.38679 -1.37885 
3.11428 0.17892 0.38166 -1.36120 
3.11504 0.17622 0.37655 -1.34370 
3.11579 0.17355 0.37145 -1.32635 
3.11653 0.17091 0.36639 -1.30915 
3.11726 0.16831 0.36136 -1.29212 
3.11797 0.16574 0.35637 -1.27527 
3.11868 0.16321 0.35142 -1.25859 
3.11938 0.16071 0.34652 -1.24210 
3.12007 0.15824 0.34167 -1.22580 
3.12075 0.15581 0.33686 -1.20968 
3.12141 0.15340 0.33212 -1.19375 
3.12207 0.15103 0.32742 -1.17802 
3.12272 0.14869 0.32278 -1.16248 
3.12337 0.14638 0.31820 -1.14714 
3.12400 0.14410 0.31368 -1.13198 
3.12462 0.14185 0.30922 -1.11703 
3.12523 0.13963 0.30481 -1.10226 
3.12584 0.13744 0.30047 -1.08768 
3.12644 0.13528 0.29618 -1.07330 
3.12702 0.13315 0.29195 -1.05910 
3.12760 0.13105 0.28778 -1.04509 
3.12817 0.12897 0.28366 -1.03127 
3.12874 0.12692 0.27961 -1.01763 
3.12929 0.12490 0.27561 -1.00417 
3.12984 0.12290 0.27166 -0.99089 
3.13038 0.12094 0.26777 -0.97778 
3.13091 0.11899 0.26394 -0.96485 
3.13144 0.11708 0.26016 -0.95209 
3.13195 0.11518 0.25643 -0.93951 
3.13246 0.11332 0.25276 -0.92709 
3.13296 0.11148 0.24913 -0.91483 
3.13346 0.10966 0.24556 -0.90274 
3.13395 0.10787 0.24203 -0.89080 
3.13443 0.10610 0.23856 -0.87903 
3.13490 0.10435 0.23513 -0.86741 
3.13537 0.10263 0.23175 -0.85594 
3.13583 0.10093 0.22841 -0.84463 
3.13628 0.09925 0.22512 -0.83346 
3.13673 0.09759 0.22187 -0.82244 
3.13717 0.09596 0.21867 -0.81157 
3.13760 0.09435 0.21551 -0.80083 
3.13803 0.09275 0.21240 -0.79024 
3.13845 0.09118 0.20932 -0.77979 
3.13887 0.08963 0.20629 -0.76946 
3.13928 0.08811 0.20329 -0.75928 
3.13968 0.08660 0.20034 -0.74922 
3.14008 0.08511 0.19742 -0.73930 
3.14047 0.08364 0.19454 -0.72950 
3.14086 0.08219 0.19170 -0.71983 
3.14124 0.08076 0.18889 -0.71028 
3.14161 0.07935 0.18612 -0.70085 
3.14198 0.07796 0.18338 -0.69154 
3.14235 0.07658 0.18068 -0.68236 
3.14270 0.07523 0.17802 -0.67328 
3.14306 0.07389 0.17538 -0.66433 
3.14341 0.07257 0.17278 -0.65548 
3.14375 0.07127 0.17021 -0.64675 
3.14409 0.06998 0.16768 -0.63813 
3.14442 0.06872 0.16517 -0.62962 
3.14475 0.06747 0.16270 -0.62121 
3.14507 0.06623 0.16025 -0.61291 
3.14539 0.06501 0.15784 -0.60471 
3.14570 0.06381 0.15545 -0.59662 
3.14601 0.06263 0.15310 -0.58862 
3.14631 0.06146 0.15077 -0.58073 
3.14661 0.06030 0.14847 -0.57293 
3.14691 0.05917 0.14619 -0.56523 
3.14720 0.05804 0.14395 -0.55763 
3.14748 0.05694 0.14173 -0.55012 
3.14776 0.05584 0.13954 -0.54270 
3.14804 0.05476 0.13737 -0.53538 
3.14831 0.05370 0.13523 -0.52815 
3.14858 0.05265 0.13311 -0.52100 
3.14885 0.05162 0.13102 -0.51394 
3.14911 0.05060 0.12895 -0.50697 
3.14936 0.04959 0.12691 -0.50009 
3.14961 0.04860 0.12489 -0.49329 
3.14986 0.04762 0.12290 -0.48657 
3.15011 0.04665 0.12093 -0.47994 
3.15035 0.04570 0.11898 -0.47339 
3.15058 0.04476 0.11705 -0.46692 
3.15081 0.04383 0.11515 -0.46053 
3.15104 0.04291 0.11326 -0.45421 
3.15127 0.04201 0.11140 -0.44797 
3.15149 0.04112 0.10957 -0.44181 
3.15171 0.04024 0.10775 -0.43573 
3.15192 0.03938 0.10595 -0.42972 
3.15213 0.03853 0.10418 -0.42378 
3.15234 0.03768 0.10242 -0.41792 
3.15254 0.03685 0.10068 -0.41212 
3.15274 0.03604 0.09897 -0.40640 
3.15293 0.03523 0.09727 -0.40075 
3.15313 0.03443 0.09560 -0.39517 
3.15332 0.03365 0.09394 -0.38965 
3.15350 0.03287 0.09230 -0.38421 
3.15369 0.03211 0.09068 -0.37882 
3.15387 0.03136 0.08908 -0.37351 
3.15404 0.03062 0.08750 -0.36826 
3.15422 0.02989 0.08593 -0.36307 
3.15439 0.02916 0.08439 -0.35795 
3.15455 0.02845 0.08286 -0.35289 
3.15472 0.02775 0.08135 -0.34789 
3.15488 0.02706 0.07985 -0.34295 
3.15504 0.02638 0.07838 -0.33807 
3.15519 0.02571 0.07692 -0.33326 
3.15534 0.02505 0.07547 -0.32850 
3.15549 0.02440 0.07405 -0.32380 
3.15564 0.02375 0.07264 -0.31915 
3.15578 0.02312 0.07124 -0.31457 
3.15593 0.02249 0.06986 -0.31004 
3.15606 0.02188 0.06850 -0.30556 
3.15620 0.02127 0.06716 -0.30114 
3.15633 0.02067 0.06583 -0.29678 
3.15646 0.02008 0.06451 -0.29247 
3.15659 0.01950 0.06321 -0.28821 
3.15672 0.01893 0.06193 -0.28400 
3.15684 0.01837 0.06066 -0.27984 
3.15696 0.01781 0.05940 -0.27574 
3.15708 0.01727 0.05816 -0.27169 
3.15719 0.01673 0.05693 -0.26768 
3.15730 0.01619 0.05572 -0.26373 
3.15741 0.01567 0.05452 -0.25982 
3.15752 0.01516 0.05334 -0.25596 
3.15763 0.01465 0.05217 -0.25215 
3.15773 0.01415 0.05101 -0.24839 
3.15783 0.01365 0.04987 -0.24467 
3.15793 0.01317 0.04874 -0.24100 
3.15803 0.01269 0.04763 -0.23737 
3.15812 0.01222 0.04652 -0.23379 
3.15821 0.01175 0.04543 -0.23026 
3.15830 0.01130 0.04436 -0.22677 
3.15839 0.01085 0.04329 -0.22332 
3.15848 0.01040 0.04224 -0.21991 
3.15856 0.00997 0.04120 -0.21655 
3.15864 0.00954 0.04018 -0.21322 
3.15872 0.00911 0.03916 -0.20994 
3.15880 0.00870 0.03816 -0.20670 
3.15887 0.00829 0.03717 -0.20350 
3.15895 0.00788 0.03619 -0.20034 
3.15902 0.00749 0.03523 -0.19722 
3.15909 0.00710 0.03427 -0.19414 
3.15915 0.00671 0.03333 -0.19110 
3.15922 0.00633 0.03240 -0.18809 
3.15928 0.00596 0.03148 -0.18513 
3.15935 0.00559 0.03057 -0.18220 
3.15941 0.00523 0.02967 -0.17930 
3.15946 0.00487 0.02878 -0.17645 
3.15952 0.00452 0.02791 -0.17362 
3.15958 0.00418 0.02704 -0.17084 
3.15963 0.00384 0.02619 -0.16809 
3.15968 0.00351 0.02535 -0.16537 
3.15973 0.00318 0.02451 -0.16269 
3.15978 0.00286 0.02369 -0.16005 
3.15983 0.00254 0.02288 -0.15743 
3.15987 0.00223 0.02207 -0.15485 
3.15991 0.00192 0.02128 -0.15231 
3.15996 0.00162 0.02050 -0.14979 
3.16000 0.00132 0.01973 -0.14731 
3.16003 0.00103 0.01896 -0.14486 
3.16007 0.00074 0.01821 -0.14243 
3.16011 0.00046 0.01747 -0.14005 
3.16014 0.00018 0.01673 -0.13769 
3.16017 6.28309 0.01601 -0.13536 
3.16021 6.28282 0.01529 -0.13306 
3.16024 6.28256 0.01458 -0.13079 
3.16026 6.28230 0.01389 -0.12855 
3.16029 6.28205 0.01320 -0.12634 
3.16032 6.28179 0.01252 -0.12416 
3.16034 6.28155 0.01185 -0.12200 
3.16036 6.28131 0.01119 -0.11988 
3.16039 6.28107 0.01054 -0.11778 
3.16041 6.28084 0.00989 -0.11570 
3.16043 6.28061 0.00926 -0.11366 
3.16044 6.28038 0.00863 -0.11164 
3.16046 6.28016 0.00801 -0.10965 
3.16048 6.27994 0.00740 -0.10768 
3.16049 6.27973 0.00679 -0.10574 
3.16050 6.27952 0.00620 -0.10383 
3.16051 6.27931 0.00561 -0.10194 
3.16053 6.27911 0.00503 -0.10007 
3.16053 6.27891 0.00446 -0.09823 
3.16054 6.27872 0.00390 -0.09642 
3.16055 6.27853 0.00335 -0.09462 
3.16056 6.27834 0.00280 -0.09285 
3.16056 6.27816 0.00226 -0.09111 
3.16057 6.27798 0.00172 -0.08939 
3.16057 6.27780 0.00120 -0.08769 
3.16057 6.27762 0.00068 -0.08601 
3.16057 6.27745 0.00017 -0.08435 
3.16057 6.27729 -0.00033 -0.08272 
3.16057 6.27712 -0.00083 -0.08111 
3.16057 6.27696 -0.00132 -0.07952 
3.16056 6.27681 -0.00180 -0.07795 
3.16056 6.27665 -0.00228 -0.07641 
3.16056 6.27650 -0.00275 -0.07488 
3.16055 6.27635 -0.00321 -0.07337 
3.16054 6.27621 -0.00367 -0.07189 
3.16053 6.27606 -0.00412 -0.07042 
3.16053 6.27592 -0.00456 -0.06898 
3.16052 6.27579 -0.00499 -0.06755 
3.16051 6.27565 -0.00542 -0.06614 
3.16049 6.27552 -0.00585 -0.06476 
3.16048 6.27540 -0.00627 -0.06339 
3.16047 6.27527 -0.00668 -0.06204 
3.16046 6.27515 -0.00708 -0.06071 
3.16044 6.27503 -0.00748 -0.05939 
3.16043 6.27491 -0.00787 -0.05810 
3.16041 6.27479 -0.00826 -0.05682 
3.16039 6.27468 -0.00864 -0.05556 
3.16038 6.27457 -0.00902 -0.05432 
3.16036 6.27447 -0.00939 -0.05309 
3.16034 6.27436 -0.00975 -0.05188 
3.16032 6.27426 -0.01011 -0.05069 
3.16030 6.27416 -0.01046 -0.04952 
3.16028 6.27406 -0.01081 -0.04836 
3.16025 6.27396 -0.01115 -0.04722 
3.16023 6.27387 -0.01148 -0.04609 
3.16021 6.27378 -0.01182 -0.04498 
3.16018 6.27369 -0.01214 -0.04389 
3.16016 6.27360 -0.01246 -0.04281 
3.16013 6.27352 -0.01278 -0.04174 
3.16011 6.27344 -0.01309 -0.04069 
3.16008 6.27336 -0.01339 -0.03966 
3.16005 6.27328 -0.01369 -0.03864 
3.16003 6.27320 -0.01399 -0.03763 
3.16000 6.27313 -0.01428 -0.03664 
3.15997 6.27306 -0.01456 -0.03567 
3.15994 6.27299 -0.01484 -0.03470 
3.15991 6.27292 -0.01512 -0.03376 
3.15988 6.27285 -0.01539 -0.03282 
3.15985 6.27279 -0.01565 -0.03190 
3.15982 6.27272 -0.01592 -0.03099 
3.15979 6.27266 -0.01617 -0.03010 
3.15975 6.27260 -0.01643 -0.02921 
3.15972 6.27254 -0.01667 -0.02834 
3.15969 6.27249 -0.01692 -0.02749 
3.15965 6.27243 -0.01716 -0.02664 
3.15962 6.27238 -0.01739 -0.02581 
3.15958 6.27233 -0.01762 -0.02499 
3.15955 6.27228 -0.01785 -0.02419 
3.15951 6.27223 -0.01807 -0.02339 
3.15947 6.27219 -0.01829 -0.02261 
3.15944 6.27214 -0.01851 -0.02184 
3.15940 6.27210 -0.01872 -0.02108 
3.15936 6.27206 -0.01892 -0.02033 
3.15933 6.27202 -0.01913 -0.01959 
3.15929 6.27198 -0.01933 -0.01886 
3.15925 6.27194 -0.01952 -0.01815 
3.15921 6.27191 -0.01971 -0.01744 
3.15917 6.27187 -0.01990 -0.01675 
3.15913 6.27184 -0.02008 -0.01607 
3.15909 6.27181 -0.02026 -0.01539 
3.15905 6.27178 -0.02044 -0.01473 
3.15901 6.27175 -0.02061 -0.01408 
3.15897 6.27172 -0.02078 -0.01344 
3.15892 6.27170 -0.02095 -0.01280 
3.15888 6.27167 -0.02111 -0.01218 
3.15884 6.27165 -0.02127 -0.01157 
3.15880 6.27163 -0.02142 -0.01096 
3.15875 6.27161 -0.02157 -0.01037 
3.15871 6.27158 -0.02172 -0.00979 
3.15867 6.27157 -0.02187 -0.00921 
3.15862 6.27155 -0.02201 -0.00864 
3.15858 6.27153 -0.02215 -0.00809 
3.15853 6.27152 -0.02229 -0.00754 
3.15849 6.27150 -0.02242 -0.00700 
3.15844 6.27149 -0.02255 -0.00647 
3.15840 6.27148 -0.02267 -0.00595 
3.15835 6.27146 -0.02280 -0.00543 
3.15831 6.27145 -0.02292 -0.00493 
3.15826 6.27144 -0.02304 -0.00443 
3.15822 6.27144 -0.02315 -0.00394 
3.15817 6.27143 -0.02326 -0.00346 
3.15812 6.27142 -0.02337 -0.00298 
3.15808 6.27142 -0.02348 -0.00252 
3.15803 6.27141 -0.02358 -0.00206 
3.15798 6.27141 -0.02368 -0.00161 
3.15793 6.27141 -0.02378 -0.00117 
3.15789 6.27140 -0.02388 -0.00073 
3.15784 6.27140 -0.02397 -0.00030 
3.15779 6.27140 -0.02406 0.00012 
3.15774 6.27140 -0.02415 0.00053 
3.15769 6.27140 -0.02423 0.00094 
3.15765 6.27141 -0.02432 0.00134 
3.15760 6.27141 -0.02440 0.00173 
3.15755 6.27141 -0.02447 0.00212 
3.15750 6.27142 -0.02455 0.00250 
3.15745 6.27142 -0.02462 0.00287 
3.15740 6.27143 -0.02469 0.00323 
3.15735 6.27144 -0.02476 0.00359 
3.15730 6.27144 -0.02483 0.00395 
3.15725 6.27145 -0.02489 0.00430 
3.15720 6.27146 -0.02495 0.00464 
3.15715 6.27147 -0.02501 0.00497 
3.15710 6.27148 -0.02507 0.00530 
3.15705 6.27149 -0.02512 0.00562 
3.15700 6.27150 -0.02518 0.00594 
3.15695 6.27152 -0.02523 0.00625 
3.15690 6.27153 -0.02527 0.00656 
3.15685 6.27154 -0.02532 0.00686 
3.15680 6.27156 -0.02537 0.00715 
3.15675 6.27157 -0.02541 0.00744 
3.15670 6.27159 -0.02545 0.00772 
3.15665 6.27160 -0.02549 0.00800 
3.15660 6.27162 -0.02552 0.00827 
3.15654 6.27163 -0.02556 0.00854 
3.15649 6.27165 -0.02559 0.00880 
3.15644 6.27167 -0.02562 0.00906 
3.15639 6.27169 -0.02565 0.00931 
3.15634 6.27171 -0.02568 0.00956 
3.15629 6.27173 -0.02571 0.00980 
3.15624 6.27175 -0.02573 0.01004 
3.15619 6.27177 -0.02575 0.01028 
3.15613 6.27179 -0.02577 0.01050 
3.15608 6.27181 -0.02579 0.01073 
3.15603 6.27183 -0.02581 0.01095 
3.15598 6.27185 -0.02582 0.01116 
3.15593 6.27187 -0.02584 0.01137 
3.15588 6.27190 -0.02585 0.01158 
3.15582 6.27192 -0.02586 0.01178 
3.15577 6.27195 -0.02587 0.01198 
3.15572 6.27197 -0.02588 0.01217 
3.15567 6.27199 -0.02588 0.01236 
3.15562 6.27202 -0.02589 0.01254 
3.15557 6.27204 -0.02589 0.01272 
3.15551 6.27207 -0.02589 0.01290 
3.15546 6.27210 -0.02589 0.01307 
3.15541 6.27212 -0.02589 0.01324 
3.15536 6.27215 -0.02589 0.01341 
3.15531 6.27218 -0.02589 0.01357 
3.15525 6.27220 -0.02588 0.01373 
3.15520 6.27223 -0.02588 0.01388 
3.15515 6.27226 -0.02587 0.01403 
3.15510 6.27229 -0.02586 0.01418 
3.15505 6.27231 -0.02585 0.01432 
3.15500 6.27234 -0.02584 0.01446 
3.15494 6.27237 -0.02583 0.01460 
3.15489 6.27240 -0.02581 0.01473 
3.15484 6.27243 -0.02580 0.01486 
3.15479 6.27246 -0.02578 0.01499 
3.15474 6.27249 -0.02576 0.01511 
3.15469 6.27252 -0.02574 0.01524 
3.15463 6.27255 -0.02573 0.01535 
3.15458 6.27258 -0.02570 0.01547 
3.15453 6.27261 -0.02568 0.01558 
3.15448 6.27265 -0.02566 0.01569 
3.15443 6.27268 -0.02564 0.01579 
3.15438 6.27271 -0.02561 0.01589 
3.15433 6.27274 -0.02559 0.01599 
3.15428 6.27277 -0.02556 0.01609 
3.15422 6.27281 -0.02553 0.01618 
3.15417 6.27284 -0.02550 0.01628 
3.15412 6.27287 -0.02547 0.01636 
3.15407 6.27290 -0.02544 0.01645 
3.15402 6.27294 -0.02541 0.01653 
3.15397 6.27297 -0.02538 0.01661 
3.15392 6.27300 -0.02534 0.01669 
3.15387 6.27304 -0.02531 0.01677 
3.15382 6.27307 -0.02527 0.01684 
3.15377 6.27310 -0.02524 0.01691 
3.15372 6.27314 -0.02520 0.01698 
3.15367 6.27317 -0.02516 0.01705 
3.15362 6.27321 -0.02512 0.01711 
3.15357 6.27324 -0.02508 0.01717 
3.15352 6.27327 -0.02504 0.01723 
3.15347 6.27331 -0.02500 0.01729 
3.15342 6.27334 -0.02496 0.01734 
3.15337 6.27338 -0.02492 0.01739 
3.15332 6.27341 -0.02487 0.01744 
3.15327 6.27345 -0.02483 0.01749 
3.15322 6.27348 -0.02479 0.01754 
3.15317 6.27352 -0.02474 0.01758 
3.15312 6.27355 -0.02469 0.01763 
3.15307 6.27359 -0.02465 0.01767 
3.15302 6.27362 -0.02460 0.01770 
3.15297 6.27366 -0.02455 0.01774 
3.15292 6.27369 -0.02450 0.01777 
3.15287 6.27373 -0.02445 0.01781 
3.15282 6.27377 -0.02440 0.01784 
3.15278 6.27380 -0.02435 0.01787 
3.15273 6.27384 -0.02430 0.01789 
3.15268 6.27387 -0.02425 0.01792 
3.15263 6.27391 -0.02420 0.01794 
3.15258 6.27394 -0.02415 0.01797 
3.15253 6.27398 -0.02409 0.01799 
3.15248 6.27402 -0.02404 0.01801 
3.15244 6.27405 -0.02398 0.01802 
3.15239 6.27409 -0.02393 0.01804 
3.15234 6.27413 -0.02387 0.01805 
3.15229 6.27416 -0.02382 0.01807 
3.15225 6.27420 -0.02376 0.01808 
3.15220 6.27423 -0.02370 0.01809 
3.15215 6.27427 -0.02365 0.01810 
3.15210 6.27431 -0.02359 0.01810 
3.15206 6.27434 -0.02353 0.01811 
3.15201 6.27438 -0.02347 0.01811 
3.15196 6.27441 -0.02341 0.01812 
3.15192 6.27445 -0.02335 0.01812 
3.15187 6.27449 -0.02329 0.01812 
3.15182 6.27452 -0.02323 0.01812 
3.15178 6.27456 -0.02317 0.01811 
3.15173 6.27460 -0.02311 0.01811 
3.15168 6.27463 -0.02305 0.01810 
3.15164 6.27467 -0.02299 0.01810 
3.15159 6.27470 -0.02293 0.01809 
3.15155 6.27474 -0.02286 0.01808 
3.15150 6.27478 -0.02280 0.01807 
3.15145 6.27481 -0.02274 0.01806 
3.15141 6.27485 -0.02268 0.01805 
3.15136 6.27488 -0.02261 0.01804 
3.15132 6.27492 -0.02255 0.01802 
3.15127 6.27496 -0.02248 0.01801 
3.15123 6.27499 -0.02242 0.01799 
3.15118 6.27503 -0.02235 0.01798 
3.15114 6.27506 -0.02229 0.01796 
3.15110 6.27510 -0.02222 0.01794 
3.15105 6.27514 -0.02216 0.01792 
3.15101 6.27517 -0.02209 0.01790 
3.15096 6.27521 -0.02202 0.01788 
3.15092 6.27524 -0.02196 0.01785 
3.15087 6.27528 -0.02189 0.01783 
3.15083 6.27532 -0.02182 0.01781 
3.15079 6.27535 -0.02176 0.01778 
3.15074 6.27539 -0.02169 0.01776 
3.15070 6.27542 -0.02162 0.01773 
3.15066 6.27546 -0.02156 0.01770 
3.15061 6.27549 -0.02149 0.01767 
3.15057 6.27553 -0.02142 0.01764 
3.15053 6.27556 -0.02135 0.01761 
3.15049 6.27560 -0.02128 0.01758 
3.15044 6.27563 -0.02121 0.01755 
3.15040 6.27567 -0.02114 0.01752 
3.15036 6.27570 -0.02108 0.01749 
3.15032 6.27574 -0.02101 0.01745 
3.15027 6.27577 -0.02094 0.01742 
3.15023 6.27581 -0.02087 0.01738 
3.15019 6.27584 -0.02080 0.01735 
3.15015 6.27588 -0.02073 0.01731 
3.15011 6.27591 -0.02066 0.01728 
3.15007 6.27595 -0.02059 0.01724 
3.15003 6.27598 -0.02052 0.01720 
3.14999 6.27602 -0.02045 0.01716 
3.14994 6.27605 -0.02038 0.01712 
3.14990 6.27608 -0.02031 0.01708 
3.14986 6.27612 -0.02024 0.01704 
3.14982 6.27615 -0.02017 0.01700 
3.14978 6.27619 -0.02010 0.01696 
3.14974 6.27622 -0.02003 0.01692 
3.14970 6.27625 -0.01996 0.01688 
3.14966 6.27629 -0.01989 0.01684 
3.14962 6.27632 -0.01982 0.01679 
3.14958 6.27635 -0.01974 0.01675 
3.14954 6.27639 -0.01967 0.01671 
3.14950 6.27642 -0.01960 0.01666 
3.14947 6.27645 -0.01953 0.01662 
3.14943 6.27649 -0.01946 0.01657 
3.14939 6.27652 -0.01939 0.01653 
3.14935 6.27655 -0.01932 0.01648 
3.14931 6.27659 -0.01925 0.01643 
3.14927 6.27662 -0.01918 0.01639 
3.14923 6.27665 -0.01911 0.01634 
3.14920 6.27669 -0.01904 0.01629 
3.14916 6.27672 -0.01896 0.01624 
3.14912 6.27675 -0.01889 0.01620 
3.14908 6.27678 -0.01882 0.01615 
3.14904 6.27681 -0.01875 0.01610 
3.14901 6.27685 -0.01868 0.01605 
3.14897 6.27688 -0.01861 0.01600 
3.14893 6.27691 -0.01854 0.01595 
3.14890 6.27694 -0.01847 0.01590 
3.14886 6.27697 -0.01840 0.01585 
3.14882 6.27701 -0.01833 0.01580 
3.14879 6.27704 -0.01825 0.01575 
3.14875 6.27707 -0.01818 0.01570 
3.14871 6.27710 -0.01811 0.01565 
3.14868 6.27713 -0.01804 0.01559 
3.14864 6.27716 -0.01797 0.01554 
3.14860 6.27719 -0.01790 0.01549 
3.14857 6.27722 -0.01783 0.01544 
3.14853 6.27726 -0.01776 0.01539 
3.14850 6.27729 -0.01769 0.01533 
3.14846 6.27732 -0.01762 0.01528 
3.14843 6.27735 -0.01755 0.01523 
3.14839 6.27738 -0.01748 0.01517 
3.14836 6.27741 -0.01741 0.01512 
3.14832 6.27744 -0.01734 0.01507 
3.14829 6.27747 -0.01727 0.01501 
3.14825 6.27750 -0.01720 0.01496 
3.14822 6.27753 -0.01713 0.01491 
3.14819 6.27756 -0.01706 0.01485 
3.14815 6.27759 -0.01699 0.01480 
3.14812 6.27762 -0.01692 0.01474 
3.14808 6.27765 -0.01685 0.01469 
3.14805 6.27768 -0.01678 0.01463 
3.14802 6.27771 -0.01671 0.01458 
3.14798 6.27773 -0.01664 0.01452 
3.14795 6.27776 -0.01657 0.01447 
3.14792 6.27779 -0.01650 0.01441 
3.14788 6.27782 -0.01643 0.01436 
3.14785 6.27785 -0.01636 0.01430 
3.14782 6.27788 -0.01630 0.01425 
3.14779 6.27791 -0.01623 0.01419 
3.14775 6.27794 -0.01616 0.01414 
3.14772 6.27796 -0.01609 0.01408 
3.14769 6.27799 -0.01602 0.01403 
3.14766 6.27802 -0.01595 0.01397 
3.14763 6.27805 -0.01588 0.01392 
3.14759 6.27808 -0.01582 0.01386 
3.14756 6.27810 -0.01575 0.01381 
3.14753 6.27813 -0.01568 0.01375 
3.14750 6.27816 -0.01561 0.01369 
3.14747 6.27819 -0.01555 0.01364 
3.14744 6.27821 -0.01548 0.01358 
3.14741 6.27824 -0.01541 0.01353 
3.14738 6.27827 -0.01534 0.01347 
3.14734 6.27829 -0.01528 0.01342 
3.14731 6.27832 -0.01521 0.01336 
3.14728 6.27835 -0.01514 0.01330 
3.14725 6.27837 -0.01508 0.01325 
3.14722 6.27840 -0.01501 0.01319 
3.14719 6.27843 -0.01495 0.01314 
3.14716 6.27845 -0.01488 0.01308 
3.14713 6.27848 -0.01481 0.01302 
3.14710 6.27850 -0.01475 0.01297 
3.14708 6.27853 -0.01468 0.01291 
3.14705 6.27856 -0.01462 0.01286 
3.14702 6.27858 -0.01455 0.01280 
3.14699 6.27861 -0.01449 0.01275 
3.14696 6.27863 -0.01442 0.01269 
3.14693 6.27866 -0.01436 0.01264 
3.14690 6.27868 -0.01429 0.01258 
3.14687 6.27871 -0.01423 0.01252 
3.14684 6.27873 -0.01416 0.01247 
3.14682 6.27876 -0.01410 0.01241 
3.14679 6.27878 -0.01404 0.01236 
3.14676 6.27881 -0.01397 0.01230 
3.14673 6.27883 -0.01391 0.01225 
3.14670 6.27886 -0.01384 0.01219 
3.14668 6.27888 -0.01378 0.01214 
3.14665 6.27891 -0.01372 0.01208 
3.14662 6.27893 -0.01366 0.01203 
3.14659 6.27895 -0.01359 0.01197 
3.14657 6.27898 -0.01353 0.01192 
3.14654 6.27900 -0.01347 0.01187 
3.14651 6.27902 -0.01340 0.01181 
3.14649 6.27905 -0.01334 0.01176 
3.14646 6.27907 -0.01328 0.01170 
3.14643 6.27909 -0.01322 0.01165 
3.14641 6.27912 -0.01316 0.01159 
3.14638 6.27914 -0.01310 0.01154 
3.14635 6.27916 -0.01304 0.01149 
3.14633 6.27919 -0.01297 0.01143 
3.14630 6.27921 -0.01291 0.01138 
3.14628 6.27923 -0.01285 0.01133 
3.14625 6.27926 -0.01279 0.01127 
3.14623 6.27928 -0.01273 0.01122 
3.14620 6.27930 -0.01267 0.01117 
3.14618 6.27932 -0.01261 0.01111 
3.14615 6.27934 -0.01255 0.01106 
3.14613 6.27937 -0.01249 0.01101 
3.14610 6.27939 -0.01243 0.01095 
3.14608 6.27941 -0.01237 0.01090 
3.14605 6.27943 -0.01231 0.01085 
3.14603 6.27945 -0.01226 0.01080 
3.14600 6.27948 -0.01220 0.01074 
3.14598 6.27950 -0.01214 0.01069 
3.14595 6.27952 -0.01208 0.01064 
3.14593 6.27954 -0.01202 0.01059 
3.14591 6.27956 -0.01196 0.01054 
3.14588 6.27958 -0.01191 0.01048 
3.14586 6.27960 -0.01185 0.01043 
3.14583 6.27962 -0.01179 0.01038 
3.14581 6.27964 -0.01174 0.01033 
3.14579 6.27966 -0.01168 0.01028 
3.14576 6.27969 -0.01162 0.01023 
3.14574 6.27971 -0.01157 0.01018 
3.14572 6.27973 -0.01151 0.01013 
3.14569 6.27975 -0.01145 0.01008 
3.14567 6.27977 -0.01140 0.01003 
3.14565 6.27979 -0.01134 0.00998 
3.14563 6.27981 -0.01129 0.00993 
3.14560 6.27983 -0.01123 0.00988 
3.14558 6.27985 -0.01117 0.00983 
3.14556 6.27987 -0.01112 0.00978 
3.14554 6.27988 -0.01107 0.00973 
3.14551 6.27990 -0.01101 0.00968 
3.14549 6.27992 -0.01096 0.00963 
3.14547 6.27994 -0.01090 0.00958 
3.14545 6.27996 -0.01085 0.00953 
3.14543 6.27998 -0.01079 0.00948 
3.14541 6.28000 -0.01074 0.00943 
3.14538 6.28002 -0.01069 0.00939 
3.14536 6.28004 -0.01063 0.00934 
3.14534 6.28006 -0.01058 0.00929 
3.14532 6.28007 -0.01053 0.00924 
3.14530 6.28009 -0.01048 0.00919 
3.14528 6.28011 -0.01042 0.00915 
3.14526 6.28013 -0.01037 0.00910 
3.14524 6.28015 -0.01032 0.00905 
3.14522 6.28017 -0.01027 0.00900 
3.14520 6.28018 -0.01022 0.00896 
3.14518 6.28020 -0.01016 0.00891 
3.14516 6.28022 -0.01011 0.00886 
3.14514 6.28024 -0.01006 0.00882 
3.14512 6.28025 -0.01001 0.00877 
3.14510 6.28027 -0.00996 0.00873 
3.14508 6.28029 -0.00991 0.00868 
3.14506 6.28031 -0.00986 0.00863 
3.14504 6.28032 -0.00981 0.00859 
3.14502 6.28034 -0.00976 0.00854 
3.14500 6.28036 -0.00971 0.00850 
3.14498 6.28038 -0.00966 0.00845 
3.14496 6.28039 -0.00961 0.00841 
3.14494 6.28041 -0.00956 0.00836 
3.14492 6.28043 -0.00951 0.00832 
3.14490 6.28044 -0.00946 0.00827 
3.14488 6.28046 -0.00942 0.00823 
3.14486 6.28047 -0.00937 0.00819 
3.14485 6.28049 -0.00932 0.00814 
3.14483 6.28051 -0.00927 0.00810 
3.14481 6.28052 -0.00922 0.00805 
3.14479 6.28054 -0.00918 0.00801 
3.14477 6.28056 -0.00913 0.00797 
3.14475 6.28057 -0.00908 0.00793 
3.14473 6.28059 -0.00903 0.00788 
3.14472 6.28060 -0.00899 0.00784 
3.14470 6.28062 -0.00894 0.00780 
3.14468 6.28063 -0.00889 0.00775 
3.14466 6.28065 -0.00885 0.00771 
3.14465 6.28067 -0.00880 0.00767 
3.14463 6.28068 -0.00876 0.00763 
3.14461 6.28070 -0.00871 0.00759 
3.14459 6.28071 -0.00867 0.00755 
3.14458 6.28073 -0.00862 0.00750 
3.14456 6.28074 -0.00857 0.00746 
3.14454 6.28076 -0.00853 0.00742 
3.14452 6.28077 -0.00849 0.00738 
3.14451 6.28079 -0.00844 0.00734 
3.14449 6.28080 -0.00840 0.00730 
3.14447 6.28081 -0.00835 0.00726 
3.14446 6.28083 -0.00831 0.00722 
3.14444 6.28084 -0.00826 0.00718 
3.14442 6.28086 -0.00822 0.00714 
3.14441 6.28087 -0.00818 0.00710 
3.14439 6.28089 -0.00813 0.00706 
3.14438 6.28090 -0.00809 0.00702 
3.14436 6.28091 -0.00805 0.00698 
3.14434 6.28093 -0.00801 0.00694 
3.14433 6.28094 -0.00796 0.00691 
3.14431 6.28096 -0.00792 0.00687 
3.14430 6.28097 -0.00788 0.00683 
3.14428 6.28098 -0.00784 0.00679 
3.14426 6.28100 -0.00780 0.00675 
3.14425 6.28101 -0.00775 0.00671 
3.14423 6.28102 -0.00771 0.00668 
3.14422 6.28104 -0.00767 0.00664 
3.14420 6.28105 -0.00763 0.00660 
3.14419 6.28106 -0.00759 0.00656 
3.14417 6.28108 -0.00755 0.00653 
3.14416 6.28109 -0.00751 0.00649 
3.14414 6.28110 -0.00747 0.00645 
3.14413 6.28112 -0.00743 0.00642 
3.14411 6.28113 -0.00739 0.00638 
3.14410 6.28114 -0.00735 0.00634 
3.14408 6.28115 -0.00731 0.00631 
3.14407 6.28117 -0.00727 0.00627 
3.14405 6.28118 -0.00723 0.00624 
3.14404 6.28119 -0.00719 0.00620 
3.14403 6.28120 -0.00715 0.00617 
3.14401 6.28122 -0.00711 0.00613 
3.14400 6.28123 -0.00708 0.00610 
3.14398 6.28124 -0.00704 0.00606 
3.14397 6.28125 -0.00700 0.00603 
3.14395 6.28126 -0.00696 0.00599 
3.14394 6.28128 -0.00692 0.00596 
3.14393 6.28129 -0.00689 0.00592 
3.14391 6.28130 -0.00685 0.00589 
3.14390 6.28131 -0.00681 0.00585 
3.14389 6.28132 -0.00677 0.00582 
3.14387 6.28133 -0.00674 0.00579 
3.14386 6.28135 -0.00670 0.00575 
3.14385 6.28136 -0.00666 0.00572 
3.14383 6.28137 -0.00663 0.00569 
3.14382 6.28138 -0.00659 0.00565 
3.14381 6.28139 -0.00656 0.00562 
3.14379 6.28140 -0.00652 0.00559 
3.14378 6.28141 -0.00648 0.00556 
3.14377 6.28143 -0.00645 0.00552 
3.14375 6.28144 -0.00641 0.00549 
3.14374 6.28145 -0.00638 0.00546 
3.14373 6.28146 -0.00634 0.00543 
3.14372 6.28147 -0.00631 0.00540 
3.14370 6.28148 -0.00627 0.00537 
3.14369 6.28149 -0.00624 0.00533 
3.14368 6.28150 -0.00620 0.00530 
3.14367 6.28151 -0.00617 0.00527 
3.14365 6.28152 -0.00614 0.00524 
3.14364 6.28153 -0.00610 0.00521 
3.14363 6.28154 -0.00607 0.00518 
3.14362 6.28155 -0.00604 0.00515 
3.14361 6.28156 -0.00600 0.00512 
3.14359 6.28157 -0.00597 0.00509 
3.14358 6.28158 -0.00594 0.00506 
3.14357 6.28159 -0.00590 0.00503 
3.14356 6.28160 -0.00587 0.00500 
3.14355 6.28161 -0.00584 0.00497 
3.14353 6.28162 -0.00580 0.00494 
3.14352 6.28163 -0.00577 0.00491 
3.14351 6.28164 -0.00574 0.00488 
3.14350 6.28165 -0.00571 0.00485 
3.14349 6.28166 -0.00568 0.00483 
3.14348 6.28167 -0.00564 0.00480 
3.14347 6.28168 -0.00561 0.00477 
3.14345 6.28169 -0.00558 0.00474 
3.14344 6.28170 -0.00555 0.00471 
3.14343 6.28171 -0.00552 0.00468 
3.14342 6.28172 -0.00549 0.00466 
3.14341 6.28173 -0.00546 0.00463 
3.14340 6.28174 -0.00543 0.00460 
3.14339 6.28175 -0.00540 0.00457 
3.14338 6.28176 -0.00537 0.00455 
3.14337 6.28177 -0.00534 0.00452 
3.14336 6.28177 -0.00531 0.00449 
3.14335 6.28178 -0.00528 0.00446 
3.14334 6.28179 -0.00525 0.00444 
3.14333 6.28180 -0.00522 0.00441 
3.14331 6.28181 -0.00519 0.00438 
3.14330 6.28182 -0.00516 0.00436 
3.14329 6.28183 -0.00513 0.00433 
3.14328 6.28184 -0.00510 0.00431 
3.14327 6.28184 -0.00507 0.00428 
3.14326 6.28185 -0.00504 0.00425 
3.14325 6.28186 -0.00501 0.00423 
3.14324 6.28187 -0.00499 0.00420 
3.14323 6.28188 -0.00496 0.00418 
3.14322 6.28189 -0.00493 0.00415 
3.14321 6.28190 -0.00490 0.00413 
3.14320 6.28190 -0.00487 0.00410 
3.14319 6.28191 -0.00485 0.00408 
3.14318 6.28192 -0.00482 0.00405 
3.14318 6.28193 -0.00479 0.00403 
3.14317 6.28194 -0.00476 0.00400 
3.14316 6.28194 -0.00474 0.00398 
3.14315 6.28195 -0.00471 0.00396 
3.14314 6.28196 -0.00468 0.00393 
3.14313 6.28197 -0.00466 0.00391 
3.14312 6.28198 -0.00463 0.00388 
3.14311 6.28198 -0.00460 0.00386 
3.14310 6.28199 -0.00458 0.00384 
3.14309 6.28200 -0.00455 0.00381 
3.14308 6.28201 -0.00453 0.00379 
3.14307 6.28201 -0.00450 0.00377 
3.14306 6.28202 -0.00447 0.00375 
3.14306 6.28203 -0.00445 0.00372 
3.14305 6.28204 -0.00442 0.00370 
3.14304 6.28204 -0.00440 0.00368 
3.14303 6.28205 -0.00437 0.00365 
3.14302 6.28206 -0.00435 0.00363 
3.14301 6.28207 -0.00432 0.00361 
3.14300 6.28207 -0.00430 0.00359 
3.14299 6.28208 -0.00427 0.00357 
3.14299 6.28209 -0.00425 0.00354 
3.14298 6.28209 -0.00422 0.00352 
3.14297 6.28210 -0.00420 0.00350 
3.14296 6.28211 -0.00418 0.00348 
3.14295 6.28211 -0.00415 0.00346 
3.14294 6.28212 -0.00413 0.00344 
3.14294 6.28213 -0.00410 0.00342 
3.14293 6.28214 -0.00408 0.00339 
3.14292 6.28214 -0.00406 0.00337 
3.14291 6.28215 -0.00403 0.00335 
3.14290 6.28216 -0.00401 0.00333 
3.14289 6.28216 -0.00399 0.00331 
3.14289 6.28217 -0.00396 0.00329 
3.14288 6.28218 -0.00394 0.00327 
3.14287 6.28218 -0.00392 0.00325 
3.14286 6.28219 -0.00389 0.00323 
3.14286 6.28219 -0.00387 0.00321 
3.14285 6.28220 -0.00385 0.00319 
3.14284 6.28221 -0.00383 0.00317 
3.14283 6.28221 -0.00380 0.00315 
3.14283 6.28222 -0.00378 0.00313 
3.14282 6.28223 -0.00376 0.00311 
3.14281 6.28223 -0.00374 0.00309 
3.14280 6.28224 -0.00372 0.00307 
3.14280 6.28224 -0.00370 0.00305 
3.14279 6.28225 -0.00367 0.00304 
3.14278 6.28226 -0.00365 0.00302 
3.14277 6.28226 -0.00363 0.00300 
3.14277 6.28227 -0.00361 0.00298 
3.14276 6.28227 -0.00359 0.00296 
3.14275 6.28228 -0.00357 0.00294 
3.14274 6.28229 -0.00355 0.00292 
3.14274 6.28229 -0.00353 0.00291 
3.14273 6.28230 -0.00351 0.00289 
3.14272 6.28230 -0.00349 0.00287 
3.14272 6.28231 -0.00346 0.00285 
3.14271 6.28232 -0.00344 0.00283 
3.14270 6.28232 -0.00342 0.00282 
3.14270 6.28233 -0.00340 0.00280 
3.14269 6.28233 -0.00338 0.00278 
3.14268 6.28234 -0.00336 0.00276 
3.14268 6.28234 -0.00334 0.00275 
3.14267 6.28235 -0.00332 0.00273 
3.14266 6.28235 -0.00331 0.00271 
3.14266 6.28236 -0.00329 0.00270 
3.14265 6.28236 -0.00327 0.00268 
3.14264 6.28237 -0.00325 0.00266 
3.14264 6.28238 -0.00323 0.00265 
3.14263 6.28238 -0.00321 0.00263 
3.14262 6.28239 -0.00319 0.00261 
3.14262 6.28239 -0.00317 0.00260 
3.14261 6.28240 -0.00315 0.00258 
3.14260 6.28240 -0.00313 0.00256 
3.14260 6.28241 -0.00312 0.00255 
3.14259 6.28241 -0.00310 0.00253 
3.14259 6.28242 -0.00308 0.00251 
3.14258 6.28242 -0.00306 0.00250 
3.14257 6.28243 -0.00304 0.00248 
3.14257 6.28243 -0.00302 0.00247 
3.14256 6.28244 -0.00301 0.00245 
3.14256 6.28244 -0.00299 0.00244 
3.14255 6.28245 -0.00297 0.00242 
3.14254 6.28245 -0.00295 0.00241 
3.14254 6.28246 -0.00294 0.00239 
3.14253 6.28246 -0.00292 0.00238 
3.14253 6.28247 -0.00290 0.00236 
3.14252 6.28247 -0.00288 0.00235 
3.14251 6.28247 -0.00287 0.00233 
3.14251 6.28248 -0.00285 0.00232 
3.14250 6.28248 -0.00283 0.00230 
3.14250 6.28249 -0.00282 0.00229 
3.14249 6.28249 -0.00280 0.00227 
3.14249 6.28250 -0.00278 0.00226 
3.14248 6.28250 -0.00277 0.00224 
3.14248 6.28251 -0.00275 0.00223 
3.14247 6.28251 -0.00273 0.00222 
3.14246 6.28252 -0.00272 0.00220 
3.14246 6.28252 -0.00270 0.00219 
3.14245 6.28252 -0.00268 0.00217 
3.14245 6.28253 -0.00267 0.00216 
3.14244 6.28253 -0.00265 0.00215 
3.14244 6.28254 -0.00264 0.00213 
3.14243 6.28254 -0.00262 0.00212 
3.14243 6.28255 -0.00261 0.00211 
3.14242 6.28255 -0.00259 0.00209 
3.14242 6.28255 -0.00257 0.00208 
3.14241 6.28256 -0.00256 0.00207 
3.14241 6.28256 -0.00254 0.00205 
3.14240 6.28257 -0.00253 0.00204 
3.14240 6.28257 -0.00251 0.00203 
3.14239 6.28257 -0.00250 0.00201 
3.14239 6.28258 -0.00248 0.00200 
3.14238 6.28258 -0.00247 0.00199 
3.14238 6.28259 -0.00245 0.00197 
3.14237 6.28259 -0.00244 0.00196 
3.14237 6.28259 -0.00242 0.00195 
3.14236 6.28260 -0.00241 0.00194 
3.14236 6.28260 -0.00239 0.00192 
3.14235 6.28261 -0.00238 0.00191 
3.14235 6.28261 -0.00237 0.00190 
3.14234 6.28261 -0.00235 0.00189 
3.14234 6.28262 -0.00234 0.00188 
3.14233 6.28262 -0.00232 0.00186 
3.14233 6.28262 -0.00231 0.00185 
3.14232 6.28263 -0.00230 0.00184 
3.14232 6.28263 -0.00228 0.00183 
3.14231 6.28264 -0.00227 0.00182 
3.14231 6.28264 -0.00225 0.00180 
3.14231 6.28264 -0.00224 0.00179 
3.14230 6.28265 -0.00223 0.00178 
3.14230 6.28265 -0.00221 0.00177 
3.14229 6.28265 -0.00220 0.00176 
3.14229 6.28266 -0.00219 0.00175 
3.14228 6.28266 -0.00217 0.00174 
3.14228 6.28266 -0.00216 0.00173 
3.14228 6.28267 -0.00215 0.00171 
3.14227 6.28267 -0.00213 0.00170 
3.14227 6.28267 -0.00212 0.00169 
3.14226 6.28268 -0.00211 0.00168 
3.14226 6.28268 -0.00210 0.00167 
3.14225 6.28268 -0.00208 0.00166 
3.14225 6.28269 -0.00207 0.00165 
3.14225 6.28269 -0.00206 0.00164 
3.14224 6.28269 -0.00205 0.00163 
3.14224 6.28270 -0.00203 0.00162 
3.14223 6.28270 -0.00202 0.00161 
3.14223 6.28270 -0.00201 0.00160 
3.14223 6.28271 -0.00200 0.00159 
3.14222 6.28271 -0.00198 0.00158 
3.14222 6.28271 -0.00197 0.00157 
3.14221 6.28272 -0.00196 0.00156 
3.14221 6.28272 -0.00195 0.00155 
3.14221 6.28272 -0.00194 0.00154 
3.14220 6.28273 -0.00192 0.00153 
3.14220 6.28273 -0.00191 0.00152 
3.14219 6.28273 -0.00190 0.00151 
3.14219 6.28273 -0.00189 0.00150 
3.14219 6.28274 -0.00188 0.00149 
3.14218 6.28274 -0.00187 0.00148 
3.14218 6.28274 -0.00186 0.00147 
3.14218 6.28275 -0.00184 0.00146 
3.14217 6.28275 -0.00183 0.00145 
3.14217 6.28275 -0.00182 0.00144 
3.14216 6.28276 -0.00181 0.00143 
3.14216 6.28276 -0.00180 0.00142 
3.14216 6.28276 -0.00179 0.00141 
3.14215 6.28276 -0.00178 0.00140 
3.14215 6.28277 -0.00177 0.00139 
3.14215 6.28277 -0.00176 0.00138 
3.14214 6.28277 -0.00175 0.00137 
3.14214 6.28278 -0.00173 0.00137 
3.14214 6.28278 -0.00172 0.00136 
3.14213 6.28278 -0.00171 0.00135 
3.14213 6.28278 -0.00170 0.00134 
3.14213 6.28279 -0.00169 0.00133 
3.14212 6.28279 -0.00168 0.00132 
3.14212 6.28279 -0.00167 0.00131 
3.14212 6.28279 -0.00166 0.00131 
3.14211 6.28280 -0.00165 0.00130 
3.14211 6.28280 -0.00164 0.00129 
3.14211 6.28280 -0.00163 0.00128 
3.14210 6.28280 -0.00162 0.00127 
3.14210 6.28281 -0.00161 0.00126 
3.14210 6.28281 -0.00160 0.00125 
3.14209 6.28281 -0.00159 0.00125 
3.14209 6.28281 -0.00158 0.00124 
3.14209 6.28282 -0.00157 0.00123 
3.14208 6.28282 -0.00156 0.00122 
3.14208 6.28282 -0.00155 0.00121 
3.14208 6.28282 -0.00154 0.00121 
3.14207 6.28283 -0.00153 0.00120 
3.14207 6.28283 -0.00152 0.00119 
3.14207 6.28283 -0.00151 0.00118 
3.14207 6.28283 -0.00151 0.00118 
3.14206 6.28284 -0.00150 0.00117 
3.14206 6.28284 -0.00149 0.00116 
3.14206 6.28284 -0.00148 0.00115 
3.14205 6.28284 -0.00147 0.00114 
3.14205 6.28284 -0.00146 0.00114 
3.14205 6.28285 -0.00145 0.00113 
3.14204 6.28285 -0.00144 0.00112 
3.14204 6.28285 -0.00143 0.00112 
3.14204 6.28285 -0.00142 0.00111 
3.14204 6.28286 -0.00141 0.00110 
3.14203 6.28286 -0.00141 0.00109 
3.14203 6.28286 -0.00140 0.00109 
3.14203 6.28286 -0.00139 0.00108 
3.14203 6.28286 -0.00138 0.00107 
3.14202 6.28287 -0.00137 0.00107 
3.14202 6.28287 -0.00136 0.00106 
3.14202 6.28287 -0.00135 0.00105 
3.14201 6.28287 -0.00135 0.00104 
3.14201 6.28288 -0.00134 0.00104 
3.14201 6.28288 -0.00133 0.00103 
3.14201 6.28288 -0.00132 0.00102 
3.14200 6.28288 -0.00131 0.00102 
3.14200 6.28288 -0.00131 0.00101 
3.14200 6.28289 -0.00130 0.00100 
3.14200 6.28289 -0.00129 0.00100 
3.14199 6.28289 -0.00128 0.00099 
3.14199 6.28289 -0.00127 0.00098 
3.14199 6.28289 -0.00127 0.00098 
3.14199 6.28290 -0.00126 0.00097 
3.14198 6.28290 -0.00125 0.00096 
3.14198 6.28290 -0.00124 0.00096 
3.14198 6.28290 -0.00123 0.00095 
3.14198 6.28290 -0.00123 0.00095 
3.14197 6.28290 -0.00122 0.00094 
3.14197 6.28291 -0.00121 0.00093 
3.14197 6.28291 -0.00120 0.00093 
3.14197 6.28291 -0.00120 0.00092 
3.14196 6.28291 -0.00119 0.00092 
3.14196 6.28291 -0.00118 0.00091 
3.14196 6.28292 -0.00117 0.00090 
3.14196 6.28292 -0.00117 0.00090 
3.14195 6.28292 -0.00116 0.00089 
3.14195 6.28292 -0.00115 0.00089 
3.14195 6.28292 -0.00114 0.00088 
3.14195 6.28292 -0.00114 0.00087 
3.14195 6.28293 -0.00113 0.00087 
3.14194 6.28293 -0.00112 0.00086 
3.14194 6.28293 -0.00112 0.00086 
3.14194 6.28293 -0.00111 0.00085 
3.14194 6.28293 -0.00110 0.00085 
3.14193 6.28294 -0.00110 0.00084 
3.14193 6.28294 -0.00109 0.00083 
3.14193 6.28294 -0.00108 0.00083 
3.14193 6.28294 -0.00108 0.00082 
3.14193 6.28294 -0.00107 0.00082 
3.14192 6.28294 -0.00106 0.00081 
3.14192 6.28295 -0.00106 0.00081 
3.14192 6.28295 -0.00105 0.00080 
3.14192 6.28295 -0.00104 0.00080 
3.14191 6.28295 -0.00104 0.00079 
3.14191 6.28295 -0.00103 0.00079 
3.14191 6.28295 -0.00102 0.00078 
3.14191 6.28295 -0.00102 0.00078 
3.14191 6.28296 -0.00101 0.00077 
3.14190 6.28296 -0.00100 0.00077 
3.14190 6.28296 -0.00100 0.00076 
3.14190 6.28296 -0.00099 0.00076 
3.14190 6.28296 -0.00098 0.00075 
3.14190 6.28296 -0.00098 0.00075 
3.14189 6.28297 -0.00097 0.00074 
3.14189 6.28297 -0.00097 0.00074 
3.14189 6.28297 -0.00096 0.00073 
3.14189 6.28297 -0.00095 0.00073 
3.14189 6.28297 -0.00095 0.00072 
3.14189 6.28297 -0.00094 0.00072 
3.14188 6.28297 -0.00094 0.00071 
3.14188 6.28298 -0.00093 0.00071 
3.14188 6.28298 -0.00092 0.00070 
3.14188 6.28298 -0.00092 0.00070 
3.14188 6.28298 -0.00091 0.00069 
3.14187 6.28298 -0.00091 0.00069 
3.14187 6.28298 -0.00090 0.00068 
3.14187 6.28298 -0.00090 0.00068 
3.14187 6.28298 -0.00089 0.00067 
3.14187 6.28299 -0.00088 0.00067 
3.14187 6.28299 -0.00088 0.00067 
3.14186 6.28299 -0.00087 0.00066 
3.14186 6.28299 -0.00087 0.00066 
3.14186 6.28299 -0.00086 0.00065 
3.14186 6.28299 -0.00086 0.00065 
3.14186 6.28299 -0.00085 0.00064 
3.14185 6.28300 -0.00085 0.00064 
3.14185 6.28300 -0.00084 0.00064 
3.14185 6.28300 -0.00084 0.00063 
3.14185 6.28300 -0.00083 0.00063 
3.14185 6.28300 -0.00083 0.00062 
3.14185 6.28300 -0.00082 0.00062 
3.14184 6.28300 -0.00081 0.00061 
3.14184 6.28300 -0.00081 0.00061 
3.14184 6.28301 -0.00080 0.00061 
3.14184 6.28301 -0.00080 0.00060 
3.14184 6.28301 -0.00079 0.00060 
3.14184 6.28301 -0.00079 0.00059 
3.14184 6.28301 -0.00078 0.00059 
3.14183 6.28301 -0.00078 0.00059 
3.14183 6.28301 -0.00077 0.00058 
3.14183 6.28301 -0.00077 0.00058 
3.14183 6.28301 -0.00076 0.00057 
3.14183 6.28302 -0.00076 0.00057 
3.14183 6.28302 -0.00076 0.00057 
3.14182 6.28302 -0.00075 0.00056 
3.14182 6.28302 -0.00075 0.00056 
3.14182 6.28302 -0.00074 0.00056 
3.14182 6.28302 -0.00074 0.00055 
3.14182 6.28302 -0.00073 0.00055 
3.14182 6.28302 -0.00073 0.00054 
3.14182 6.28302 -0.00072 0.00054 
3.14181 6.28303 -0.00072 0.00054 
3.14181 6.28303 -0.00071 0.00053 
3.14181 6.28303 -0.00071 0.00053 
3.14181 6.28303 -0.00070 0.00053 
3.14181 6.28303 -0.00070 0.00052 
3.14181 6.28303 -0.00070 0.00052 
3.14181 6.28303 -0.00069 0.00052 
3.14180 6.28303 -0.00069 0.00051 
3.14180 6.28303 -0.00068 0.00051 
3.14180 6.28304 -0.00068 0.00051 
3.14180 6.28304 -0.00067 0.00050 
3.14180 6.28304 -0.00067 0.00050 
3.14180 6.28304 -0.00067 0.00050 
3.14180 6.28304 -0.00066 0.00049 
3.14179 6.28304 -0.00066 0.00049 
3.14179 6.28304 -0.00065 0.00049 
3.14179 6.28304 -0.00065 0.00048 
3.14179 6.28304 -0.00064 0.00048 
3.14179 6.28304 -0.00064 0.00048 
3.14179 6.28305 -0.00064 0.00047 
3.14179 6.28305 -0.00063 0.00047 
3.14179 6.28305 -0.00063 0.00047 
3.14178 6.28305 -0.00062 0.00046 
3.14178 6.28305 -0.00062 0.00046 
3.14178 6.28305 -0.00062 0.00046 
3.14178 6.28305 -0.00061 0.00045 
3.14178 6.28305 -0.00061 0.00045 
3.14178 6.28305 -0.00060 0.00045 
3.14178 6.28305 -0.00060 0.00045 
3.14178 6.28305 -0.00060 0.00044 
3.14177 6.28306 -0.00059 0.00044 
3.14177 6.28306 -0.00059 0.00044 
3.14177 6.28306 -0.00059 0.00043 
3.14177 6.28306 -0.00058 0.00043 
3.14177 6.28306 -0.00058 0.00043 
3.14177 6.28306 -0.00057 0.00043 
3.14177 6.28306 -0.00057 0.00042 
3.14177 6.28306 -0.00057 0.00042 
3.14177 6.28306 -0.00056 0.00042 
3.14176 6.28306 -0.00056 0.00041 
3.14176 6.28306 -0.00056 0.00041 
3.14176 6.28306 -0.00055 0.00041 
3.14176 6.28307 -0.00055 0.00041 
3.14176 6.28307 -0.00055 0.00040 
3.14176 6.28307 -0.00054 0.00040 
3.14176 6.28307 -0.00054 0.00040 
3.14176 6.28307 -0.00054 0.00040 
3.14176 6.28307 -0.00053 0.00039 
3.14175 6.28307 -0.00053 0.00039 
3.14175 6.28307 -0.00052 0.00039 
3.14175 6.28307 -0.00052 0.00038 
3.14175 6.28307 -0.00052 0.00038 
3.14175 6.28307 -0.00051 0.00038 
3.14175 6.28307 -0.00051 0.00038 
3.14175 6.28307 -0.00051 0.00037 
3.14175 6.28308 -0.00051 0.00037 
3.14175 6.28308 -0.00050 0.00037 
3.14175 6.28308 -0.00050 0.00037 
3.14174 6.28308 -0.00050 0.00036 
3.14174 6.28308 -0.00049 0.00036 
3.14174 6.28308 -0.00049 0.00036 
3.14174 6.28308 -0.00049 0.00036 
3.14174 6.28308 -0.00048 0.00035 
3.14174 6.28308 -0.00048 0.00035 
3.14174 6.28308 -0.00048 0.00035 
3.14174 6.28308 -0.00047 0.00035 
3.14174 6.28308 -0.00047 0.00035 
3.14174 6.28308 -0.00047 0.00034 
3.14173 6.28308 -0.00046 0.00034 
3.14173 6.28309 -0.00046 0.00034 
3.14173 6.28309 -0.00046 0.00034 
3.14173 6.28309 -0.00046 0.00033 
3.14173 6.28309 -0.00045 0.00033 
3.14173 6.28309 -0.00045 0.00033 
3.14173 6.28309 -0.00045 0.00033 
3.14173 6.28309 -0.00044 0.00032 
3.14173 6.28309 -0.00044 0.00032 
3.14173 6.28309 -0.00044 0.00032 
3.14173 6.28309 -0.00044 0.00032 
3.14173 6.28309 -0.00043 0.00032 
3.14172 6.28309 -0.00043 0.00031 
3.14172 6.28309 -0.00043 0.00031 
3.14172 6.28309 -0.00042 0.00031 
3.14172 6.28309 -0.00042 0.00031 
3.14172 6.28310 -0.00042 0.00031 
3.14172 6.28310 -0.00042 0.00030 
3.14172 6.28310 -0.00041 0.00030 
3.14172 6.28310 -0.00041 0.00030 
3.14172 6.28310 -0.00041 0.00030 
3.14172 6.28310 -0.00041 0.00030 
3.14172 6.28310 -0.00040 0.00029 
3.14172 6.28310 -0.00040 0.00029 
3.14171 6.28310 -0.00040 0.00029 
3.14171 6.28310 -0.00040 0.00029 
3.14171 6.28310 -0.00039 0.00029 
3.14171 6.28310 -0.00039 0.00028 
3.14171 6.28310 -0.00039 0.00028 
3.14171 6.28310 -0.00039 0.00028 
3.14171 6.28310 -0.00038 0.00028 
3.14171 6.28310 -0.00038 0.00028 
3.14171 6.28310 -0.00038 0.00027 
3.14171 6.28310 -0.00038 0.00027 
3.14171 6.28311 -0.00037 0.00027 
3.14171 6.28311 -0.00037 0.00027 
3.14171 6.28311 -0.00037 0.00027 
3.14170 6.28311 -0.00037 0.00027 
3.14170 6.28311 -0.00036 0.00026 
3.14170 6.28311 -0.00036 0.00026 
3.14170 6.28311 -0.00036 0.00026 
3.14170 6.28311 -0.00036 0.00026 
3.14170 6.28311 -0.00035 0.00026 
3.14170 6.28311 -0.00035 0.00025 
3.14170 6.28311 -0.00035 0.00025 
3.14170 6.28311 -0.00035 0.00025 
3.14170 6.28311 -0.00035 0.00025 
3.14170 6.28311 -0.00034 0.00025 
3.14170 6.28311 -0.00034 0.00025 
3.14170 6.28311 -0.00034 0.00024 
3.14170 6.28311 -0.00034 0.00024 
3.14169 6.28311 -0.00033 0.00024 
3.14169 6.28311 -0.00033 0.00024 
3.14169 6.28312 -0.00033 0.00024 
3.14169 6.28312 -0.00033 0.00024 
3.14169 6.28312 -0.00033 0.00024 
3.14169 6.28312 -0.00032 0.00023 
3.14169 6.28312 -0.00032 0.00023 
3.14169 6.28312 -0.00032 0.00023 
3.14169 6.28312 -0.00032 0.00023 
3.14169 6.28312 -0.00032 0.00023 
3.14169 6.28312 -0.00031 0.00023 
3.14169 6.28312 -0.00031 0.00022 
3.14169 6.28312 -0.00031 0.00022 
3.14169 6.28312 -0.00031 0.00022 
3.14169 6.28312 -0.00031 0.00022 
3.14168 6.28312 -0.00030 0.00022 
3.14168 6.28312 -0.00030 0.00022 
3.14168 6.28312 -0.00030 0.00022 
3.14168 6.28312 -0.00030 0.00021 
3.14168 6.28312 -0.00030 0.00021 
3.14168 6.28312 -0.00029 0.00021 
3.14168 6.28312 -0.00029 0.00021 
3.14168 6.28312 -0.00029 0.00021 
3.14168 6.28312 -0.00029 0.00021 
3.14168 6.28312 -0.00029 0.00021 
3.14168 6.28313 -0.00028 0.00020 
3.14168 6.28313 -0.00028 0.00020 
3.14168 6.28313 -0.00028 0.00020 
3.14168 6.28313 -0.00028 0.00020 
3.14168 6.28313 -0.00028 0.00020 
3.14168 6.28313 -0.00028 0.00020 
3.14168 6.28313 -0.00027 0.00020 
3.14168 6.28313 -0.00027 0.00019 
3.14167 6.28313 -0.00027 0.00019 
3.14167 6.28313 -0.00027 0.00019 
3.14167 6.28313 -0.00027 0.00019 
3.14167 6.28313 -0.00026 0.00019 
3.14167 6.28313 -0.00026 0.00019 
3.14167 6.28313 -0.00026 0.00019 
3.14167 6.28313 -0.00026 0.00019 
3.14167 6.28313 -0.00026 0.00018 
3.14167 6.28313 -0.00026 0.00018 
3.14167 6.28313 -0.00025 0.00018 
3.14167 6.28313 -0.00025 0.00018 
3.14167 6.28313 -0.00025 0.00018 
3.14167 6.28313 -0.00025 0.00018 
3.14167 6.28313 -0.00025 0.00018 
3.14167 6.28313 -0.00025 0.00018 
3.14167 6.28313 -0.00024 0.00017 
3.14167 6.28313 -0.00024 0.00017 
3.14167 6.28313 -0.00024 0.00017 
3.14167 6.28314 -0.00024 0.00017 
3.14166 6.28314 -0.00024 0.00017 
3.14166 6.28314 -0.00024 0.00017 
3.14166 6.28314 -0.00024 0.00017 
3.14166 6.28314 -0.00023 0.00017 
3.14166 6.28314 -0.00023 0.00017 
3.14166 6.28314 -0.00023 0.00016 
3.14166 6.28314 -0.00023 0.00016 
3.14166 6.28314 -0.00023 0.00016 
3.14166 6.28314 -0.00023 0.00016 
3.14166 6.28314 -0.00022 0.00016 
3.14166 6.28314 -0.00022 0.00016 
3.14166 6.28314 -0.00022 0.00016 
3.14166 6.28314 -0.00022 0.00016 
3.14166 6.28314 -0.00022 0.00016 
3.14166 6.28314 -0.00022 0.00015 
3.14166 6.28314 -0.00022 0.00015 
3.14166 6.28314 -0.00021 0.00015 
3.14166 6.28314 -0.00021 0.00015 
3.14166 6.28314 -0.00021 0.00015 
3.14166 6.28314 -0.00021 0.00015 
3.14166 6.28314 -0.00021 0.00015 
3.14166 6.28314 -0.00021 0.00015 
3.14166 6.28314 -0.00021 0.00015 
3.14165 6.28314 -0.00021 0.00015 
3.14165 6.28314 -0.00020 0.00014 
3.14165 6.28314 -0.00020 0.00014 
3.14165 6.28314 -0.00020 0.00014 
3.14165 6.28314 -0.00020 0.00014 
3.14165 6.28314 -0.00020 0.00014 
3.14165 6.28314 -0.00020 0.00014 
3.14165 6.28314 -0.00020 0.00014 
3.14165 6.28314 -0.00019 0.00014 
3.14165 6.28315 -0.00019 0.00014 
3.14165 6.28315 -0.00019 0.00014 
3.14165 6.28315 -0.00019 0.00013 
3.14165 6.28315 -0.00019 0.00013 
3.14165 6.28315 -0.00019 0.00013 
3.14165 6.28315 -0.00019 0.00013 
3.14165 6.28315 -0.00019 0.00013 
3.14165 6.28315 -0.00018 0.00013 
3.14165 6.28315 -0.00018 0.00013 
3.14165 6.28315 -0.00018 0.00013 
3.14165 6.28315 -0.00018 0.00013 
3.14165 6.28315 -0.00018 0.00013 
3.14165 6.28315 -0.00018 0.00013 
3.14165 6.28315 -0.00018 0.00013 
3.14165 6.28315 -0.00018 0.00012 
3.14165 6.28315 -0.00018 0.00012 
3.14165 6.28315 -0.00017 0.00012 
3.14164 6.28315 -0.00017 0.00012 
3.14164 6.28315 -0.00017 0.00012 
3.14164 6.28315 -0.00017 0.00012 
3.14164 6.28315 -0.00017 0.00012 
3.14164 6.28315 -0.00017 0.00012 
3.14164 6.28315 -0.00017 0.00012 
3.14164 6.28315 -0.00017 0.00012 
3.14164 6.28315 -0.00017 0.00012 
3.14164 6.28315 -0.00016 0.00012 
3.14164 6.28315 -0.00016 0.00011 
3.14164 6.28315 -0.00016 0.00011 
3.14164 6.28315 -0.00016 0.00011 
3.14164 6.28315 -0.00016 0.00011 
3.14164 6.28315 -0.00016 0.00011 
3.14164 6.28315 -0.00016 0.00011 
3.14164 6.28315 -0.00016 0.00011 
3.14164 6.28315 -0.00016 0.00011 
3.14164 6.28315 -0.00015 0.00011 
3.14164 6.28315 -0.00015 0.00011 
3.14164 6.28315 -0.00015 0.00011 
3.14164 6.28315 -0.00015 0.00011 
3.14164 6.28315 -0.00015 0.00011 
3.14164 6.28315 -0.00015 0.00010 
3.14164 6.28315 -0.00015 0.00010 
3.14164 6.28315 -0.00015 0.00010 
3.14164 6.28316 -0.00015 0.00010 
3.14164 6.28316 -0.00015 0.00010 
3.14164 6.28316 -0.00015 0.00010 
3.14164 6.28316 -0.00014 0.00010 
3.14164 6.28316 -0.00014 0.00010 
3.14164 6.28316 -0.00014 0.00010 
3.14164 6.28316 -0.00014 0.00010 
3.14163 6.28316 -0.00014 0.00010 
3.14163 6.28316 -0.00014 0.00010 
3.14163 6.28316 -0.00014 0.00010 
3.14163 6.28316 -0.00014 0.00010 
3.14163 6.28316 -0.00014 0.00010 
3.14163 6.28316 -0.00014 0.00009 
3.14163 6.28316 -0.00013 0.00009 
3.14163 6.28316 -0.00013 0.00009 
3.14163 6.28316 -0.00013 0.00009 
3.14163 6.28316 -0.00013 0.00009 
3.14163 6.28316 -0.00013 0.00009 
3.14163 6.28316 -0.00013 0.00009 
3.14163 6.28316 -0.00013 0.00009 
3.14163 6.28316 -0.00013 0.00009 
3.14163 6.28316 -0.00013 0.00009 
3.14163 6.28316 -0.00013 0.00009 
3.14163 6.28316 -0.00013 0.00009 
3.14163 6.28316 -0.00013 0.00009 
3.14163 6.28316 -0.00012 0.00009 
3.14163 6.28316 -0.00012 0.00009 
3.14163 6.28316 -0.00012 0.00009 
3.14163 6.28316 -0.00012 0.00008 
3.14163 6.28316 -0.00012 0.00008 
3.14163 6.28316 -0.00012 0.00008 
3.14163 6.28316 -0.00012 0.00008 
3.14163 6.28316 -0.00012 0.00008 
3.14163 6.28316 -0.00012 0.00008 
3.14163 6.28316 -0.00012 0.00008 
3.14163 6.28316 -0.00012 0.00008 
3.14163 6.28316 -0.00012 0.00008 
3.14163 6.28316 -0.00012 0.00008 
3.14163 6.28316 -0.00011 0.00008 
3.14163 6.28316 -0.00011 0.00008 
3.14163 6.28316 -0.00011 0.00008 
3.14163 6.28316 -0.00011 0.00008 
3.14163 6.28316 -0.00011 0.00008 
3.14163 6.28316 -0.00011 0.00008 
3.14163 6.28316 -0.00011 0.00008 
3.14163 6.28316 -0.00011 0.00008 
3.14163 6.28316 -0.00011 0.00008 
3.14163 6.28316 -0.00011 0.00007 
3.14162 6.28316 -0.00011 0.00007 
3.14162 6.28316 -0.00011 0.00007 
3.14162 6.28316 -0.00011 0.00007 
3.14162 6.28316 -0.00011 0.00007 
3.14162 6.28316 -0.00010 0.00007 
3.14162 6.28316 -0.00010 0.00007 
3.14162 6.28316 -0.00010 0.00007 
3.14162 6.28316 -0.00010 0.00007 
3.14162 6.28316 -0.00010 0.00007 
3.14162 6.28316 -0.00010 0.00007 
3.14162 6.28316 -0.00010 0.00007 
3.14162 6.28317 -0.00010 0.00007 
3.14162 6.28317 -0.00010 0.00007 
3.14162 6.28317 -0.00010 0.00007 
3.14162 6.28317 -0.00010 0.00007 
3.14162 6.28317 -0.00010 0.00007 
3.14162 6.28317 -0.00010 0.00007 
3.14162 6.28317 -0.00010 0.00007 
3.14162 6.28317 -0.00010 0.00007 
3.14162 6.28317 -0.00009 0.00007 
3.14162 6.28317 -0.00009 0.00006 
3.14162 6.28317 -0.00009 0.00006 
3.14162 6.28317 -0.00009 0.00006 
3.14162 6.28317 -0.00009 0.00006 
3.14162 6.28317 -0.00009 0.00006 
3.14162 6.28317 -0.00009 0.00006 
3.14162 6.28317 -0.00009 0.00006 
3.14162 6.28317 -0.00009 0.00006 
3.14162 6.28317 -0.00009 0.00006 
3.14162 6.28317 -0.00009 0.00006 
3.14162 6.28317 -0.00009 0.00006 
3.14162 6.28317 -0.00009 0.00006 
3.14162 6.28317 -0.00009 0.00006 
3.14162 6.28317 -0.00009 0.00006 
3.14162 6.28317 -0.00009 0.00006 
3.14162 6.28317 -0.00009 0.00006 
3.14162 6.28317 -0.00008 0.00006 
3.14162 6.28317 -0.00008 0.00006 
3.14162 6.28317 -0.00008 0.00006 
3.14162 6.28317 -0.00008 0.00006 
3.14162 6.28317 -0.00008 0.00006 
3.14162 6.28317 -0.00008 0.00006 
3.14162 6.28317 -0.00008 0.00006 
3.14162 6.28317 -0.00008 0.00006 
3.14162 6.28317 -0.00008 0.00005 
3.14162 6.28317 -0.00008 0.00005 
3.14162 6.28317 -0.00008 0.00005 
3.14162 6.28317 -0.00008 0.00005 
3.14162 6.28317 -0.00008 0.00005 
3.14162 6.28317 -0.00008 0.00005 
3.14162 6.28317 -0.00008 0.00005 
3.14162 6.28317 -0.00008 0.00005 
3.14162 6.28317 -0.00008 0.00005 
3.14162 6.28317 -0.00008 0.00005 
3.14162 6.28317 -0.00008 0.00005 
3.14162 6.28317 -0.00007 0.00005 
3.14161 6.28317 -0.00007 0.00005 
3.14161 6.28317 -0.00007 0.00005 
3.14161 6.28317 -0.00007 0.00005 
3.14161 6.28317 -0.00007 0.00005 
3.14161 6.28317 -0.00007 0.00005 
3.14161 6.28317 -0.00007 0.00005 
3.14161 6.28317 -0.00007 0.00005 
3.14161 6.28317 -0.00007 0.00005 
3.14161 6.28317 -0.00007 0.00005 
3.14161 6.28317 -0.00007 0.00005 
3.14161 6.28317 -0.00007 0.00005 
3.14161 6.28317 -0.00007 0.00005 
3.14161 6.28317 -0.00007 0.00005 
3.14161 6.28317 -0.00007 0.00005 
3.14161 6.28317 -0.00007 0.00005 
3.14161 6.28317 -0.00007 0.00005 
3.14161 6.28317 -0.00007 0.00005 
3.14161 6.28317 -0.00007 0.00005 
3.14161 6.28317 -0.00007 0.00004 
3.14161 6.28317 -0.00007 0.00004 
3.14161 6.28317 -0.00006 0.00004 
3.14161 6.28317 -0.00006 0.00004 
3.14161 6.28317 -0.00006 0.00004 
3.14161 6.28317 -0.00006 0.00004 
3.14161 6.28317 -0.00006 0.00004 
3.14161 6.28317 -0.00006 0.00004 
3.14161 6.28317 -0.00006 0.00004 
3.14161 6.28317 -0.00006 0.00004 
3.14161 6.28317 -0.00006 0.00004 
3.14161 6.28317 -0.00006 0.00004 
3.14161 6.28317 -0.00006 0.00004 
3.14161 6.28317 -0.00006 0.00004 
3.14161 6.28317 -0.00006 0.00004 
3.14161 6.28317 -0.00006 0.00004 
3.14161 6.28317 -0.00006 0.00004 
3.14161 6.28317 -0.00006 0.00004 
3.14161 6.28317 -0.00006 0.00004 
3.14161 6.28317 -0.00006 0.00004 
3.14161 6.28317 -0.00006 0.00004 
3.14161 6.28317 -0.00006 0.00004 
3.14161 6.28317 -0.00006 0.00004 
3.14161 6.28317 -0.00006 0.00004 
3.14161 6.28317 -0.00006 0.00004 
3.14161 6.28317 -0.00006 0.00004 
3.14161 6.28317 -0.00006 0.00004 
3.14161 6.28317 -0.00005 0.00004 
3.14161 6.28317 -0.00005 0.00004 
3.14161 6.28317 -0.00005 0.00004 
3.14161 6.28317 -0.00005 0.00004 
3.14161 6.28317 -0.00005 0.00004 
3.14161 6.28317 -0.00005 0.00004 
3.14161 6.28317 -0.00005 0.00004 
3.14161 6.28317 -0.00005 0.00004 
3.14161 6.28317 -0.00005 0.00004 
3.14161 6.28318 -0.00005 0.00004 
3.14161 6.28318 -0.00005 0.00003 
3.14161 6.28318 -0.00005 0.00003 
3.14161 6.28318 -0.00005 0.00003 
3.14161 6.28318 -0.00005 0.00003 
3.14161 6.28318 -0.00005 0.00003 
3.14161 6.28318 -0.00005 0.00003 
3.14161 6.28318 -0.00005 0.00003 
3.14161 6.28318 -0.00005 0.00003 
3.14161 6.28318 -0.00005 0.00003 
3.14161 6.28318 -0.00005 0.00003 
3.14161 6.28318 -0.00005 0.00003 
3.14161 6.28318 -0.00005 0.00003 
3.14161 6.28318 -0.00005 0.00003 
3.14161 6.28318 -0.00005 0.00003 
3.14161 6.28318 -0.00005 0.00003 
3.14161 6.28318 -0.00005 0.00003 
3.14161 6.28318 -0.00005 0.00003 
3.14161 6.28318 -0.00005 0.00003 
3.14161 6.28318 -0.00005 0.00003 
3.14161 6.28318 -0.00005 0.00003 
3.14161 6.28318 -0.00005 0.00003 
3.14161 6.28318 -0.00004 0.00003 
3.14161 6.28318 -0.00004 0.00003 
3.14161 6.28318 -0.00004 0.00003 
3.14161 6.28318 -0.00004 0.00003 
3.14161 6.28318 -0.00004 0.00003 
3.14161 6.28318 -0.00004 0.00003 
3.14161 6.28318 -0.00004 0.00003 
3.14161 6.28318 -0.00004 0.00003 
3.14161 6.28318 -0.00004 0.00003 
3.14161 6.28318 -0.00004 0.00003 
3.14161 6.28318 -0.00004 0.00003 
3.14161 6.28318 -0.00004 0.00003 
3.14161 6.28318 -0.00004 0.00003 
3.14160 6.28318 -0.00004 0.00003 
3.14160 6.28318 -0.00004 0.00003 
3.14160 6.28318 -0.00004 0.00003 
3.14160 6.28318 -0.00004 0.00003 
3.14160 6.28318 -0.00004 0.00003 
3.14160 6.28318 -0.00004 0.00003 
3.14160 6.28318 -0.00004 0.00003 
3.14160 6.28318 -0.00004 0.00003 
3.14160 6.28318 -0.00004 0.00003 
3.14160 6.28318 -0.00004 0.00003 
3.14160 6.28318 -0.00004 0.00003 
3.14160 6.28318 -0.00004 0.00003 
3.14160 6.28318 -0.00004 0.00003 
3.14160 6.28318 -0.00004 0.00003 
3.14160 6.28318 -0.00004 0.00003 
3.14160 6.28318 -0.00004 0.00002 
3.14160 6.28318 -0.00004 0.00002 
3.14160 6.28318 -0.00004 0.00002 
3.14160 6.28318 -0.00004 0.00002 
3.14160 6.28318 -0.00004 0.00002 
3.14160 6.28318 -0.00004 0.00002 
3.14160 6.28318 -0.00004 0.00002 
3.14160 6.28318 -0.00004 0.00002 
3.14160 6.28318 -0.00004 0.00002 
3.14160 6.28318 -0.00003 0.00002 
3.14160 6.28318 -0.00003 0.00002 
3.14160 6.28318 -0.00003 0.00002 
3.14160 6.28318 -0.00003 0.00002 
3.14160 6.28318 -0.00003 0.00002 
3.14160 6.28318 -0.00003 0.00002 
3.14160 6.28318 -0.00003 0.00002 
3.14160 6.28318 -0.00003 0.00002 
3.14160 6.28318 -0.00003 0.00002 
3.14160 6.28318 -0.00003 0.00002 
3.14160 6.28318 -0.00003 0.00002 
3.14160 6.28318 -0.00003 0.00002 
3.14160 6.28318 -0.00003 0.00002 
3.14160 6.28318 -0.00003 0.00002 
3.14160 6.28318 -0.00003 0.00002 
3.14160 6.28318 -0.00003 0.00002 
3.14160 6.28318 -0.00003 0.00002 
3.14160 6.28318 -0.00003 0.00002 
3.14160 6.28318 -0.00003 0.00002 
3.14160 6.28318 -0.00003 0.00002 
3.14160 6.28318 -0.00003 0.00002 
3.14160 6.28318 -0.00003 0.00002 
3.14160 6.28318 -0.00003 0.00002 
3.14160 6.28318 -0.00003 0.00002 
3.14160 6.28318 -0.00003 0.00002 
3.14160 6.28318 -0.00003 0.00002 
3.14160 6.28318 -0.00003 0.00002 
3.14160 6.28318 -0.00003 0.00002 
3.14160 6.28318 -0.00003 0.00002 
3.14160 6.28318 -0.00003 0.00002 
3.14160 6.28318 -0.00003 0.00002 
3.14160 6.28318 -0.00003 0.00002 
3.14160 6.28318 -0.00003 0.00002 
3.14160 6.28318 -0.00003 0.00002 
3.14160 6.28318 -0.00003 0.00002 
3.14160 6.28318 -0.00003 0.00002 
3.14160 6.28318 -0.00003 0.00002 
3.14160 6.28318 -0.00003 0.00002 
3.14160 6.28318 -0.00003 0.00002 
3.14160 6.28318 -0.00003 0.00002 
3.14160 6.28318 -0.00003 0.00002 
3.14160 6.28318 -0.00003 0.00002 
3.14160 6.28318 -0.00003 0.00002 
3.14160 6.28318 -0.00003 0.00002 
3.14160 6.28318 -0.00003 0.00002 
3.14160 6.28318 -0.00003 0.00002 
3.14160 6.28318 -0.00003 0.00002 
3.14160 6.28318 -0.00003 0.00002 
3.14160 6.28318 -0.00003 0.00002 
3.14160 6.28318 -0.00003 0.00002 
3.14160 6.28318 -0.00003 0.00002 
3.14160 6.28318 -0.00002 0.00002 
3.14160 6.28318 -0.00002 0.00002 
3.14160 6.28318 -0.00002 0.00002 
3.14160 6.28318 -0.00002 0.00002 
3.14160 6.28318 -0.00002 0.00002 
3.14160 6.28318 -0.00002 0.00002 
3.14160 6.28318 -0.00002 0.00002 
3.14160 6.28318 -0.00002 0.00002 
3.14160 6.28318 -0.00002 0.00002 
3.14160 6.28318 -0.00002 0.00002 
3.14160 6.28318 -0.00002 0.00002 
3.14160 6.28318 -0.00002 0.00002 
3.14160 6.28318 -0.00002 0.00002 
3.14160 6.28318 -0.00002 0.00002 
3.14160 6.28318 -0.00002 0.00002 
3.14160 6.28318 -0.00002 0.00001 
3.14160 6.28318 -0.00002 0.00001 
3.14160 6.28318 -0.00002 0.00001 
3.14160 6.28318 -0.00002 0.00001 
3.14160 6.28318 -0.00002 0.00001 
3.14160 6.28318 -0.00002 0.00001 
3.14160 6.28318 -0.00002 0.00001 
3.14160 6.28318 -0.00002 0.00001 
3.14160 6.28318 -0.00002 0.00001 
3.14160 6.28318 -0.00002 0.00001 
3.14160 6.28318 -0.00002 0.00001 
3.14160 6.28318 -0.00002 0.00001 
3.14160 6.28318 -0.00002 0.00001 
3.14160 6.28318 -0.00002 0.00001 
3.14160 6.28318 -0.00002 0.00001 
3.14160 6.28318 -0.00002 0.00001 
3.14160 6.28318 -0.00002 0.00001 
3.14160 6.28318 -0.00002 0.00001 
3.14160 6.28318 -0.00002 0.00001 
3.14160 6.28318 -0.00002 0.00001 
3.14160 6.28318 -0.00002 0.00001 
3.14160 6.28318 -0.00002 0.00001 
3.14160 6.28318 -0.00002 0.00001 
3.14160 6.28318 -0.00002 0.00001 
3.14160 6.28318 -0.00002 0.00001 
3.14160 6.28318 -0.00002 0.00001 
3.14160 6.28318 -0.00002 0.00001 
3.14160 6.28318 -0.00002 0.00001 
3.14160 6.28318 -0.00002 0.00001 
3.14160 6.28318 -0.00002 0.00001 
3.14160 6.28318 -0.00002 0.00001 
3.14160 6.28318 -0.00002 0.00001 
3.14160 6.28318 -0.00002 0.00001 
3.14160 6.28318 -0.00002 0.00001 
3.14160 6.28318 -0.00002 0.00001 
3.14160 6.28318 -0.00002 0.00001 
3.14160 6.28318 -0.00002 0.00001 
3.14160 6.28318 -0.00002 0.00001 
3.14160 6.28318 -0.00002 0.00001 
3.14160 6.28318 -0.00002 0.00001 
3.14160 6.28318 -0.00002 0.00001 
3.14160 6.28318 -0.00002 0.00001 
3.14160 6.28318 -0.00002 0.00001 
3.14160 6.28318 -0.00002 0.00001 
3.14160 6.28318 -0.00002 0.00001 
3.14160 6.28318 -0.00002 0.00001 
3.14160 6.28318 -0.00002 0.00001 
3.14160 6.28318 -0.00002 0.00001 
3.14160 6.28318 -0.00002 0.00001 
3.14160 6.28318 -0.00002 0.00001 
3.14160 6.28318 -0.00002 0.00001 
3.14160 6.28318 -0.00002 0.00001 
3.14160 6.28318 -0.00002 0.00001 
3.14160 6.28318 -0.00002 0.00001 
3.14160 6.28318 -0.00002 0.00001 
3.14160 6.28318 -0.00002 0.00001 
3.14160 6.28318 -0.00002 0.00001 
3.14160 6.28318 -0.00002 0.00001 
3.14160 6.28318 -0.00002 0.00001 
3.14160 6.28318 -0.00002 0.00001 
3.14160 6.28318 -0.00002 0.00001 
3.14160 6.28318 -0.00001 0.00001 
3.14160 6.28318 -0.00001 0.00001 
3.14160 6.28318 -0.00001 0.00001 
3.14160 6.28318 -0.00001 0.00001 
3.14160 6.28318 -0.00001 0.00001 
3.14160 6.28318 -0.00001 0.00001 
3.14160 6.28318 -0.00001 0.00001 
3.14160 6.28318 -0.00001 0.00001 
3.14160 6.28318 -0.00001 0.00001 
3.14160 6.28318 -0.00001 0.00001 
3.14160 6.28318 -0.00001 0.00001 
3.14160 6.28318 -0.00001 0.00001 
3.14160 6.28318 -0.00001 0.00001 
3.14160 6.28318 -0.00001 0.00001 
3.14160 6.28318 -0.00001 0.00001 
3.14160 6.28318 -0.00001 0.00001 
3.14160 6.28318 -0.00001 0.00001 
3.14160 6.28318 -0.00001 0.00001 
3.14160 6.28318 -0.00001 0.00001 
3.14160 6.28318 -0.00001 0.00001 
3.14160 6.28318 -0.00001 0.00001 
3.14160 6.28318 -0.00001 0.00001 
3.14160 6.28318 -0.00001 0.00001 
3.14160 6.28318 -0.00001 0.00001 
3.14160 6.28318 -0.00001 0.00001 
3.14160 6.28318 -0.00001 0.00001 
3.14160 6.28318 -0.00001 0.00001 
3.14160 6.28318 -0.00001 0.00001 
3.14160 6.28318 -0.00001 0.00001 
3.14160 6.28318 -0.00001 0.00001 
3.14160 6.28318 -0.00001 0.00001 
3.14160 6.28318 -0.00001 0.00001 
3.14160 6.28318 -0.00001 0.00001 
3.14160 6.28318 -0.00001 0.00001 
3.14160 6.28318 -0.00001 0.00001 
3.14160 6.28318 -0.00001 0.00001 
3.14160 6.28318 -0.00001 0.00001 
3.14160 6.28318 -0.00001 0.00001 
3.14160 6.28318 -0.00001 0.00001 
3.14160 6.28318 -0.00001 0.00001 
3.14160 6.28318 -0.00001 0.00001 
3.14160 6.28318 -0.00001 0.00001 
3.14160 6.28318 -0.00001 0.00001 
3.14160 6.28318 -0.00001 0.00001 
3.14160 6.28318 -0.00001 0.00001 
3.14160 6.28318 -0.00001 0.00001 
3.14160 6.28318 -0.00001 0.00001 
3.14160 6.28318 -0.00001 0.00001 
3.14160 6.28318 -0.00001 0.00001 
3.14160 6.28318 -0.00001 0.00001 
3.14160 6.28318 -0.00001 0.00001 
3.14160 6.28318 -0.00001 0.00001 
3.14160 6.28318 -0.00001 0.00001 
3.14160 6.28318 -0.00001 0.00001 
3.14160 6.28318 -0.00001 0.00001 
3.14160 6.28318 -0.00001 0.00001 
3.14160 6.28318 -0.00001 0.00001 
3.14160 6.28318 -0.00001 0.00001 
3.14160 6.28318 -0.00001 0.00001 
3.14160 6.28318 -0.00001 0.00001 
3.14160 6.28318 -0.00001 0.00001 
3.14160 6.28318 -0.00001 0.00001 
3.14160 6.28318 -0.00001 0.00001 
3.14160 6.28318 -0.00001 0.00001 
3.14160 6.28318 -0.00001 0.00001 
3.14160 6.28318 -0.00001 0.00001 
3.14160 6.28318 -0.00001 0.00001 
3.14160 6.28318 -0.00001 0.00001 
3.14160 6.28318 -0.00001 0.00001 
3.14160 6.28318 -0.00001 0.00001 
3.14160 6.28318 -0.00001 0.00001 
3.14160 6.28318 -0.00001 0.00001 
3.14160 6.28318 -0.00001 0.00001 
3.14160 6.28318 -0.00001 0.00001 
3.14160 6.28318 -0.00001 0.00001 
3.14160 6.28318 -0.00001 0.00001 
3.14160 6.28318 -0.00001 0.00001 
3.14160 6.28318 -0.00001 0.00001 
3.14160 6.28318 -0.00001 0.00001 
3.14160 6.28318 -0.00001 0.00001 
3.14160 6.28318 -0.00001 0.00001 
3.14160 6.28318 -0.00001 0.00001 
3.14160 6.28318 -0.00001 0.00001 
3.14160 6.28318 -0.00001 0.00001 
3.14160 6.28318 -0.00001 0.00001 
3.14160 6.28318 -0.00001 0.00001 
3.14160 6.28318 -0.00001 0.00001 
3.14160 6.28318 -0.00001 0.00001 
3.14160 6.28318 -0.00001 0.00001 
3.14160 6.28318 -0.00001 0.00001 
3.14160 6.28318 -0.00001 0.00001 
3.14160 6.28318 -0.00001 0.00001 
3.14160 6.28318 -0.00001 0.00001 
3.14160 6.28318 -0.00001 0.00001 
3.14160 6.28318 -0.00001 0.00001 
3.14160 6.28318 -0.00001 0.00001 
3.14159 6.28318 -0.00001 0.00001 
3.14159 6.28318 -0.00001 0.00001 
3.14159 6.28318 -0.00001 0.00001 
3.14159 6.28318 -0.00001 0.00001 
3.14159 6.28318 -0.00001 0.00001 
3.14159 6.28318 -0.00001 0.00000 
3.14159 6.28318 -0.00001 0.00000 
3.14159 6.28318 -0.00001 0.00000 
3.14159 6.28318 -0.00001 0.00000 
3.14159 6.28318 -0.00001 0.00000 
3.14159 6.28318 -0.00001 0.00000 
3.14159 6.28318 -0.00001 0.00000 
3.14159 6.28318 -0.00001 0.00000 
3.14159 6.28318 -0.00001 0.00000 
3.14159 6.28318 -0.00001 0.00000 
3.14159 6.28318 -0.00001 0.00000 
3.14159 6.28318 -0.00001 0.00000 
3.14159 6.28318 -0.00001 0.00000 
3.14159 6.28318 -0.00001 0.00000 
3.14159 6.28318 -0.00001 0.00000 
3.14159 6.28318 -0.00001 0.00000 
3.14159 6.28318 -0.00001 0.00000 
3.14159 6.28318 -0.00001 0.00000 
3.14159 6.28318 -0.00001 0.00000 
3.14159 6.28318 -0.00001 0.00000 
3.14159 6.28318 -0.00001 0.00000 
3.14159 6.28318 -0.00001 0.00000 
3.14159 6.28318 -0.00001 0.00000 
3.14159 6.28318 -0.00001 0.00000 
3.14159 6.28318 -0.00001 0.00000 
3.14159 6.28318 -0.00001 0.00000 
3.14159 6.28318 -0.00001 0.00000 
3.14159 6.28318 -0.00001 0.00000 
3.14159 6.28318 -0.00001 0.00000 
3.14159 6.28318 -0.00001 0.00000 
3.14159 6.28318 -0.00001 0.00000 
3.14159 6.28318 -0.00001 0.00000 
3.14159 6.28318 -0.00001 0.00000 
3.14159 6.28318 -0.00001 0.00000 
3.14159 6.28318 -0.00001 0.00000 
3.14159 6.28318 -0.00001 0.00000 
3.14159 6.28318 -0.00001 0.00000 
3.14159 6.28318 -0.00001 0.00000 
3.14159 6.28318 -0.00001 0.00000 
3.14159 6.28318 -0.00001 0.00000 
3.14159 6.28318 -0.00001 0.00000 
3.14159 6.28318 -0.00001 0.00000 
3.14159 6.28318 -0.00001 0.00000 
3.14159 6.28318 -0.00001 0.00000 
3.14159 6.28318 -0.00001 0.00000 
3.14159 6.28318 -0.00001 0.00000 
3.14159 6.28318 -0.00001 0.00000 
3.14159 6.28318 -0.00001 0.00000 
3.14159 6.28318 -0.00001 0.00000 
3.14159 6.28318 -0.00001 0.00000 
3.14159 6.28318 -0.00001 0.00000 
3.14159 6.28318 -0.00001 0.00000 
3.14159 6.28318 -0.00001 0.00000 
3.14159 6.28318 -0.00001 0.00000 
3.14159 6.28318 -0.00001 0.00000 
3.14159 6.28318 -0.00001 0.00000 
3.14159 6.28318 -0.00001 0.00000 
3.14159 6.28318 -0.00001 0.00000 
3.14159 6.28318 -0.00001 0.00000 
3.14159 6.28318 -0.00001 0.00000 
3.14159 6.28318 -0.00001 0.00000 
3.14159 6.28318 -0.00001 0.00000 
3.14159 6.28318 -0.00001 0.00000 
3.14159 6.28318 -0.00000 0.00000 
3.14159 6.28318 -0.00000 0.00000 
3.14159 6.28318 -0.00000 0.00000 
3.14159 6.28318 -0.00000 0.00000 
3.14159 6.28318 -0.00000 0.00000 
3.14159 6.28318 -0.00000 0.00000 
3.14159 6.28318 -0.00000 0.00000 
3.14159 6.28318 -0.00000 0.00000 
3.14159 6.28318 -0.00000 0.00000 
3.14159 6.28318 -0.00000 0.00000 
3.14159 6.28318 -0.00000 0.00000 
3.14159 6.28318 -0.00000 0.00000 
3.14159 6.28318 -0.00000 0.00000 
3.14159 6.28318 -0.00000 0.00000 
3.14159 6.28318 -0.00000 0.00000 
3.14159 6.28318 -0.00000 0.00000 
3.14159 6.28318 -0.00000 0.00000 
3.14159 6.28318 -0.00000 0.00000 
3.14159 6.28318 -0.00000 0.00000 
3.14159 6.28318 -0.00000 0.00000 
3.14159 6.28318 -0.00000 0.00000 
3.14159 6.28318 -0.00000 0.00000 
3.14159 6.28318 -0.00000 0.00000 
3.14159 6.28318 -0.00000 0.00000 
3.14159 6.28318 -0.00000 0.00000 
3.14159 6.28318 -0.00000 0.00000 
3.14159 6.28318 -0.00000 0.00000 
3.14159 6.28318 -0.00000 0.00000 
3.14159 6.28318 -0.00000 0.00000 
3.14159 6.28318 -0.00000 0.00000 
3.14159 6.28318 -0.00000 0.00000 
3.14159 6.28318 -0.00000 0.00000 
3.14159 6.28318 -0.00000 0.00000 
3.14159 6.28318 -0.00000 0.00000 
3.14159 6.28318 -0.00000 0.00000 
3.14159 6.28318 -0.00000 0.00000 
3.14159 6.28318 -0.00000 0.00000 
3.14159 6.28318 -0.00000 0.00000 
3.14159 6.28318 -0.00000 0.00000 
3.14159 6.28318 -0.00000 0.00000 
3.14159 6.28318 -0.00000 0.00000 
3.14159 6.28318 -0.00000 0.00000 
3.14159 6.28318 -0.00000 0.00000 
3.14159 6.28318 -0.00000 0.00000 
3.14159 6.28318 -0.00000 0.00000 
3.14159 6.28318 -0.00000 0.00000 
3.14159 6.28318 -0.00000 0.00000 
3.14159 6.28318 -0.00000 0.00000 
3.14159 6.28318 -0.00000 0.00000 
3.14159 6.28318 -0.00000 0.00000 
3.14159 6.28318 -0.00000 0.00000 
3.14159 6.28318 -0.00000 0.00000 
3.14159 6.28318 -0.00000 0.00000 
3.14159 6.28318 -0.00000 0.00000 
3.14159 6.28318 -0.00000 0.00000 
3.14159 6.28318 -0.00000 0.00000 
3.14159 6.28318 -0.00000 0.00000 
3.14159 6.28318 -0.00000 0.00000 
3.14159 6.28318 -0.00000 0.00000 
3.14159 6.28318 -0.00000 0.00000 
3.14159 6.28318 -0.00000 0.00000 
3.14159 6.28318 -0.00000 0.00000 
3.14159 6.28318 -0.00000 0.00000 
3.14159 6.28318 -0.00000 0.00000 
3.14159 6.28318 -0.00000 0.00000 
3.14159 6.28318 -0.00000 0.00000 
3.14159 6.28318 -0.00000 0.00000 
3.14159 6.28318 -0.00000 0.00000 
3.14159 6.28318 -0.00000 0.00000 
3.14159 6.28318 -0.00000 0.00000 
3.14159 6.28318 -0.00000 0.00000 
3.14159 6.28318 -0.00000 0.00000 
3.14159 6.28318 -0.00000 0.00000 
3.14159 6.28318 -0.00000 0.00000 
3.14159 6.28318 -0.00000 0.00000 
3.14159 6.28318 -0.00000 0.00000 
3.14159 6.28318 -0.00000 0.00000 
3.14159 6.28318 -0.00000 0.00000 
3.14159 6.28318 -0.00000 0.00000 
3.14159 6.28318 -0.00000 0.00000 
3.14159 6.28318 -0.00000 0.00000 
3.14159 6.28318 -0.00000 0.00000 
3.14159 6.28318 -0.00000 0.00000 
3.14159 6.28318 -0.00000 0.00000 
3.14159 6.28318 -0.00000 0.00000 
3.14159 6.28318 -0.00000 0.00000 
3.14159 6.28318 -0.00000 0.00000 
3.14159 6.28318 -0.00000 0.00000 
3.14159 6.28318 -0.00000 0.00000 
3.14159 6.28318 -0.00000 0.00000 
3.14159 6.28318 -0.00000 0.00000 
3.14159 6.28318 -0.00000 0.00000 
3.14159 6.28318 -0.00000 0.00000 
3.14159 6.28318 -0.00000 0.00000 
3.14159 6.28318 -0.00000 0.00000 
3.14159 6.28318 -0.00000 0.00000 
3.14159 6.28318 -0.00000 0.00000 
3.14159 6.28318 -0.00000 0.00000 
3.14159 6.28318 -0.00000 0.00000 
3.14159 6.28318 -0.00000 0.00000 
3.14159 6.28318 -0.00000 0.00000 
3.14159 6.28318 -0.00000 0.00000 
3.14159 6.28318 -0.00000 0.00000 
3.14159 6.28318 -0.00000 0.00000 
3.14159 6.28318 -0.00000 0.00000 
3.14159 6.28318 -0.00000 0.00000 
3.14159 6.28318 -0.00000 0.00000 
3.14159 6.28318 -0.00000 0.00000 
3.14159 6.28318 -0.00000 0.00000 
3.14159 6.28318 -0.00000 0.00000 
3.14159 6.28318 -0.00000 0.00000 
3.14159 6.28318 -0.00000 0.00000 
3.14159 6.28318 -0.00000 0.00000 
3.14159 6.28318 -0.00000 0.00000 
3.14159 6.28318 -0.00000 0.00000 
3.14159 6.28318 -0.00000 0.00000 
3.14159 6.28318 -0.00000 0.00000 
3.14159 6.28318 -0.00000 0.00000 
3.14159 6.28318 -0.00000 0.00000 
3.14159 6.28318 -0.00000 0.00000 
3.14159 6.28318 -0.00000 0.00000 
3.14159 6.28318 -0.00000 0.00000 
3.14159 6.28318 -0.00000 0.00000 
3.14159 6.28318 -0.00000 0.00000 
3.14159 6.28318 -0.00000 0.00000 
3.14159 6.28318 -0.00000 0.00000 
3.14159 6.28318 -0.00000 0.00000 
3.14159 6.28318 -0.00000 0.00000 
3.14159 6.28318 -0.00000 0.00000 
3.14159 6.28318 -0.00000 0.00000 
3.14159 6.28318 -0.00000 0.00000 
3.14159 6.28318 -0.00000 0.00000 
3.14159 6.28318 -0.00000 0.00000 
3.14159 6.28318 -0.00000 0.00000 
3.14159 6.28318 -0.00000 0.00000 
3.14159 6.28318 -0.00000 0.00000 
3.14159 6.28318 -0.00000 0.00000 
3.14159 6.28318 -0.00000 0.00000 
3.14159 6.28318 -0.00000 0.00000 
3.14159 6.28318 -0.00000 0.00000 
3.14159 6.28318 -0.00000 0.00000 
3.14159 6.28318 -0.00000 0.00000 
3.14159 6.28318 -0.00000 0.00000 
3.14159 6.28318 -0.00000 0.00000 
3.14159 6.28318 -0.00000 0.00000 
3.14159 6.28318 -0.00000 0.00000 
3.14159 6.28318 -0.00000 0.00000 
3.14159 6.28318 -0.00000 0.00000 
3.14159 6.28318 -0.00000 0.00000 
3.14159 6.28318 -0.00000 0.00000 
3.14159 6.28318 -0.00000 0.00000 
3.14159 6.28318 -0.00000 0.00000 
3.14159 6.28318 -0.00000 0.00000 
3.14159 6.28318 -0.00000 0.00000 
3.14159 6.28318 -0.00000 0.00000 
3.14159 6.28318 -0.00000 0.00000 
3.14159 6.28318 -0.00000 0.00000 
3.14159 6.28318 -0.00000 0.00000 
3.14159 6.28318 -0.00000 0.00000 
3.14159 6.28318 -0.00000 0.00000 
3.14159 6.28318 -0.00000 0.00000 
3.14159 6.28318 -0.00000 0.00000 
3.14159 6.28318 -0.00000 0.00000 
3.14159 6.28318 -0.00000 0.00000 
3.14159 6.28318 -0.00000 0.00000 
3.14159 6.28318 -0.00000 0.00000 
3.14159 6.28318 -0.00000 0.00000 
3.14159 6.28318 -0.00000 0.00000 
3.14159 6.28319 -0.00000 0.00000 
3.14159 6.28319 -0.00000 0.00000 
3.14159 6.28319 -0.00000 0.00000 
3.14159 6.28319 -0.00000 0.00000 
3.14159 6.28319 -0.00000 0.00000 
3.14159 6.28319 -0.00000 0.00000 
3.14159 6.28319 -0.00000 0.00000 
3.14159 6.28319 -0.00000 0.00000 
3.14159 6.28319 -0.00000 0.00000 
3.14159 6.28319 -0.00000 0.00000 
3.14159 6.28319 -0.00000 0.00000 
3.14159 6.28319 -0.00000 0.00000 
3.14159 6.28319 -0.00000 0.00000 
3.14159 6.28319 -0.00000 0.00000 
3.14159 6.28319 -0.00000 0.00000 
3.14159 6.28319 -0.00000 0.00000 
3.14159 6.28319 -0.00000 0.00000 
3.14159 6.28319 -0.00000 0.00000 
3.14159 6.28319 -0.00000 0.00000 
3.14159 6.28319 -0.00000 0.00000 
3.14159 6.28319 -0.00000 0.00000 
3.14159 6.28319 -0.00000 0.00000 
3.14159 6.28319 -0.00000 0.00000 
3.14159 6.28319 -0.00000 0.00000 
3.14159 6.28319 -0.00000 0.00000 
3.14159 6.28319 -0.00000 0.00000 
3.14159 6.28319 -0.00000 0.00000 
3.14159 6.28319 -0.00000 0.00000 
3.14159 6.28319 -0.00000 0.00000 
3.14159 6.28319 -0.00000 0.00000 
3.14159 6.28319 -0.00000 0.00000 
3.14159 6.28319 -0.00000 0.00000 
3.14159 6.28319 -0.00000 0.00000 
3.14159 6.28319 -0.00000 0.00000 
3.14159 6.28319 -0.00000 0.00000 
3.14159 6.28319 -0.00000 0.00000 
3.14159 6.28319 -0.00000 0.00000 
3.14159 6.28319 -0.00000 0.00000 
3.14159 6.28319 -0.00000 0.00000 
3.14159 6.28319 -0.00000 0.00000 
3.14159 6.28319 -0.00000 0.00000 
3.14159 6.28319 -0.00000 0.00000 
3.14159 6.28319 -0.00000 0.00000 
3.14159 6.28319 -0.00000 0.00000 
3.14159 6.28319 -0.00000 0.00000 
3.14159 6.28319 -0.00000 0.00000 
3.14159 6.28319 -0.00000 0.00000 
3.14159 6.28319 -0.00000 0.00000 
3.14159 6.28319 -0.00000 0.00000 
3.14159 6.28319 -0.00000 0.00000 
3.14159 6.28319 -0.00000 0.00000 
3.14159 6.28319 -0.00000 0.00000 
3.14159 6.28319 -0.00000 0.00000 
3.14159 6.28319 -0.00000 0.00000 
3.14159 6.28319 -0.00000 0.00000 
3.14159 6.28319 -0.00000 0.00000 
3.14159 6.28319 -0.00000 0.00000 
3.14159 6.28319 -0.00000 0.00000 
3.14159 6.28319 -0.00000 0.00000 
3.14159 6.28319 -0.00000 0.00000 
3.14159 6.28319 -0.00000 0.00000 
3.14159 6.28319 -0.00000 0.00000 
3.14159 6.28319 -0.00000 0.00000 
3.14159 6.28319 -0.00000 0.00000 
3.14159 6.28319 -0.00000 0.00000 
3.14159 6.28319 -0.00000 0.00000 
3.14159 6.28319 -0.00000 0.00000 
3.14159 6.28319 -0.00000 0.00000 
3.14159 6.28319 -0.00000 0.00000 
3.14159 6.28319 -0.00000 0.00000 
3.14159 6.28319 -0.00000 0.00000 
3.14159 6.28319 -0.00000 0.00000 
3.14159 6.28319 -0.00000 0.00000 
3.14159 6.28319 -0.00000 0.00000 
3.14159 6.28319 -0.00000 0.00000 
3.14159 6.28319 -0.00000 0.00000 
3.14159 6.28319 -0.00000 0.00000 
3.14159 6.28319 -0.00000 0.00000 
3.14159 6.28319 -0.00000 0.00000 
3.14159 6.28319 -0.00000 0.00000 
3.14159 6.28319 -0.00000 0.00000 
3.14159 6.28319 -0.00000 0.00000 
3.14159 6.28319 -0.00000 0.00000 
3.14159 6.28319 -0.00000 0.00000 
3.14159 6.28319 -0.00000 0.00000 
3.14159 6.28319 -0.00000 0.00000 
3.14159 6.28319 -0.00000 0.00000 
3.14159 6.28319 -0.00000 0.00000 
3.14159 6.28319 -0.00000 0.00000 
3.14159 6.28319 -0.00000 0.00000 
3.14159 6.28319 -0.00000 0.00000 
3.14159 6.28319 -0.00000 0.00000 
3.14159 6.28319 -0.00000 0.00000 
3.14159 6.28319 -0.00000 0.00000 
3.14159 6.28319 -0.00000 0.00000 
3.14159 6.28319 -0.00000 0.00000 
3.14159 6.28319 -0.00000 0.00000 
3.14159 6.28319 -0.00000 0.00000 
3.14159 6.28319 -0.00000 0.00000 
3.14159 6.28319 -0.00000 0.00000 
3.14159 6.28319 -0.00000 0.00000 
3.14159 6.28319 -0.00000 0.00000 
3.14159 6.28319 -0.00000 0.00000 
3.14159 6.28319 -0.00000 0.00000 
3.14159 6.28319 -0.00000 0.00000 
3.14159 6.28319 -0.00000 0.00000 
3.14159 6.28319 -0.00000 0.00000 
3.14159 6.28319 -0.00000 0.00000 
3.14159 6.28319 -0.00000 0.00000 
3.14159 6.28319 -0.00000 0.00000 
3.14159 6.28319 -0.00000 0.00000 
3.14159 6.28319 -0.00000 0.00000 
3.14159 6.28319 -0.00000 0.00000 
3.14159 6.28319 -0.00000 0.00000 
3.14159 6.28319 -0.00000 0.00000 
3.14159 6.28319 -0.00000 0.00000 
3.14159 6.28319 -0.00000 0.00000 
3.14159 6.28319 -0.00000 0.00000 
3.14159 6.28319 -0.00000 0.00000 
3.14159 6.28319 -0.00000 0.00000 
3.14159 6.28319 -0.00000 0.00000 
3.14159 6.28319 -0.00000 0.00000 
3.14159 6.28319 -0.00000 0.00000 
3.14159 6.28319 -0.00000 0.00000 
3.14159 6.28319 -0.00000 0.00000 
3.14159 6.28319 -0.00000 0.00000 
3.14159 6.28319 -0.00000 0.00000 
3.14159 6.28319 -0.00000 0.00000 
3.14159 6.28319 -0.00000 0.00000 
3.14159 6.28319 -0.00000 0.00000 
3.14159 6.28319 -0.00000 0.00000 
3.14159 6.28319 -0.00000 0.00000 
3.14159 6.28319 -0.00000 0.00000 
3.14159 6.28319 -0.00000 0.00000 
3.14159 6.28319 -0.00000 0.00000 
3.14159 6.28319 -0.00000 0.00000 
3.14159 6.28319 -0.00000 0.00000 
3.14159 6.28319 -0.00000 0.00000 
3.14159 6.28319 -0.00000 0.00000 
3.14159 6.28319 -0.00000 0.00000 
3.14159 6.28319 -0.00000 0.00000 
3.14159 6.28319 -0.00000 0.00000 
3.14159 6.28319 -0.00000 0.00000 
3.14159 6.28319 -0.00000 0.00000 
3.14159 6.28319 -0.00000 0.00000 
3.14159 6.28319 -0.00000 0.00000 
3.14159 6.28319 -0.00000 0.00000 
3.14159 6.28319 -0.00000 0.00000 
3.14159 6.28319 -0.00000 0.00000 
3.14159 6.28319 -0.00000 0.00000 
3.14159 6.28319 -0.00000 0.00000 
3.14159 6.28319 -0.00000 0.00000 
3.14159 6.28319 -0.00000 0.00000 
3.14159 6.28319 -0.00000 0.00000 
3.14159 6.28319 -0.00000 0.00000 
3.14159 6.28319 -0.00000 0.00000 
3.14159 6.28319 -0.00000 0.00000 
3.14159 6.28319 -0.00000 0.00000 
3.14159 6.28319 -0.00000 0.00000 
3.14159 6.28319 -0.00000 0.00000 
3.14159 6.28319 -0.00000 0.00000 
3.14159 6.28319 -0.00000 0.00000 
3.14159 6.28319 -0.00000 0.00000 
3.14159 6.28319 -0.00000 0.00000 
3.14159 6.28319 -0.00000 0.00000 
3.14159 6.28319 -0.00000 0.00000 
3.14159 6.28319 -0.00000 0.00000 
3.14159 6.28319 -0.00000 0.00000 
3.14159 6.28319 -0.00000 0.00000 
3.14159 6.28319 -0.00000 0.00000 
3.14159 6.28319 -0.00000 0.00000 
3.14159 6.28319 -0.00000 0.00000 
3.14159 6.28319 -0.00000 0.00000 
3.14159 6.28319 -0.00000 0.00000 
3.14159 6.28319 -0.00000 0.00000 
3.14159 6.28319 -0.00000 0.00000 
3.14159 6.28319 -0.00000 0.00000 
3.14159 6.28319 -0.00000 0.00000 
3.14159 6.28319 -0.00000 0.00000 
3.14159 6.28319 -0.00000 0.00000 
3.14159 6.28319 -0.00000 0.00000 
3.14159 6.28319 -0.00000 0.00000 
3.14159 6.28319 -0.00000 0.00000 
3.14159 6.28319 -0.00000 0.00000 
3.14159 6.28319 -0.00000 0.00000 
3.14159 6.28319 -0.00000 0.00000 
3.14159 6.28319 -0.00000 0.00000 
3.14159 6.28319 -0.00000 0.00000 
3.14159 6.28319 -0.00000 0.00000 
3.14159 6.28319 -0.00000 0.00000 
3.14159 6.28319 -0.00000 0.00000 
3.14159 6.28319 -0.00000 0.00000 
3.14159 6.28319 -0.00000 0.00000 
3.14159 6.28319 -0.00000 0.00000 
3.14159 6.28319 -0.00000 0.00000 
3.14159 6.28319 -0.00000 0.00000 
3.14159 6.28319 -0.00000 0.00000 
3.14159 6.28319 -0.00000 0.00000 
3.14159 6.28319 -0.00000 0.00000 
3.14159 6.28319 -0.00000 0.00000 
3.14159 6.28319 -0.00000 0.00000 
3.14159 6.28319 -0.00000 0.00000 
3.14159 6.28319 -0.00000 0.00000 
3.14159 6.28319 -0.00000 0.00000 
3.14159 6.28319 -0.00000 0.00000 
3.14159 6.28319 -0.00000 0.00000 
3.14159 6.28319 -0.00000 0.00000 
3.14159 6.28319 -0.00000 0.00000 
3.14159 6.28319 -0.00000 0.00000 
3.14159 6.28319 -0.00000 0.00000 
3.14159 6.28319 -0.00000 0.00000 
3.14159 6.28319 -0.00000 0.00000 
3.14159 6.28319 -0.00000 0.00000 
3.14159 6.28319 -0.00000 0.00000 
3.14159 6.28319 -0.00000 0.00000 
3.14159 6.28319 -0.00000 0.00000 
3.14159 6.28319 -0.00000 0.00000 
3.14159 6.28319 -0.00000 0.00000 
3.14159 6.28319 -0.00000 0.00000 
3.14159 6.28319 -0.00000 0.00000 
3.14159 6.28319 -0.00000 0.00000 
3.14159 6.28319 -0.00000 0.00000 
3.14159 6.28319 -0.00000 0.00000 
3.14159 6.28319 -0.00000 0.00000 
3.14159 6.28319 -0.00000 0.00000 
3.14159 6.28319 -0.00000 0.00000 
3.14159 6.28319 -0.00000 0.00000 
3.14159 6.28319 -0.00000 0.00000 
3.14159 6.28319 -0.00000 0.00000 
3.14159 6.28319 -0.00000 0.00000 
3.14159 6.28319 -0.00000 0.00000 
3.14159 6.28319 -0.00000 0.00000 
3.14159 6.28319 -0.00000 0.00000 
3.14159 6.28319 -0.00000 0.00000 
3.14159 6.28319 -0.00000 0.00000 
3.14159 6.28319 -0.00000 0.00000 
3.14159 6.28319 -0.00000 0.00000 
3.14159 6.28319 -0.00000 0.00000 
3.14159 6.28319 -0.00000 0.00000 
3.14159 6.28319 -0.00000 0.00000 
3.14159 6.28319 -0.00000 0.00000 
3.14159 6.28319 -0.00000 0.00000 
3.14159 6.28319 -0.00000 0.00000 
3.14159 6.28319 -0.00000 0.00000 
3.14159 6.28319 -0.00000 0.00000 
3.14159 6.28319 -0.00000 0.00000 
3.14159 6.28319 -0.00000 0.00000 
3.14159 6.28319 -0.00000 0.00000 
3.14159 6.28319 -0.00000 0.00000 
3.14159 6.28319 -0.00000 0.00000 
3.14159 6.28319 -0.00000 0.00000 
3.14159 6.28319 -0.00000 0.00000 
3.14159 6.28319 -0.00000 0.00000 
3.14159 6.28319 -0.00000 0.00000 
3.14159 6.28319 -0.00000 0.00000 
3.14159 6.28319 -0.00000 0.00000 
3.14159 6.28319 -0.00000 0.00000 
3.14159 6.28319 -0.00000 0.00000 
3.14159 6.28319 -0.00000 0.00000 
3.14159 6.28319 -0.00000 0.00000 
3.14159 6.28319 -0.00000 0.00000 
3.14159 6.28319 -0.00000 0.00000 
3.14159 6.28319 -0.00000 0.00000 
3.14159 6.28319 -0.00000 0.00000 
3.14159 6.28319 -0.00000 0.00000 
3.14159 6.28319 -0.00000 0.00000 
3.14159 6.28319 -0.00000 0.00000 
3.14159 6.28319 -0.00000 0.00000 
3.14159 6.28319 -0.00000 0.00000 
3.14159 6.28319 -0.00000 0.00000 
3.14159 6.28319 -0.00000 0.00000 
3.14159 6.28319 -0.00000 0.00000 
3.14159 6.28319 -0.00000 0.00000 
3.14159 6.28319 -0.00000 0.00000 
3.14159 6.28319 -0.00000 0.00000 
3.14159 6.28319 -0.00000 0.00000 
3.14159 6.28319 -0.00000 0.00000 
3.14159 6.28319 -0.00000 0.00000 
3.14159 6.28319 -0.00000 0.00000 
3.14159 6.28319 -0.00000 0.00000 
3.14159 6.28319 -0.00000 0.00000 
3.14159 6.28319 -0.00000 0.00000 
3.14159 6.28319 -0.00000 0.00000 
3.14159 6.28319 -0.00000 0.00000 
3.14159 6.28319 -0.00000 0.00000 
3.14159 6.28319 -0.00000 0.00000 
3.14159 6.28319 -0.00000 0.00000 
3.14159 6.28319 -0.00000 0.00000 
3.14159 6.28319 -0.00000 0.00000 
3.14159 6.28319 -0.00000 0.00000 
3.14159 6.28319 -0.00000 0.00000 
3.14159 6.28319 -0.00000 0.00000 
3.14159 6.28319 -0.00000 0.00000 
3.14159 6.28319 -0.00000 0.00000 
3.14159 6.28319 -0.00000 0.00000 
3.14159 6.28319 -0.00000 0.00000 
3.14159 6.28319 -0.00000 0.00000 
3.14159 6.28319 -0.00000 0.00000 
3.14159 6.28319 -0.00000 0.00000 
3.14159 6.28319 -0.00000 0.00000 
3.14159 6.28319 -0.00000 0.00000 
3.14159 6.28319 -0.00000 0.00000 
3.14159 6.28319 -0.00000 0.00000 
3.14159 6.28319 -0.00000 0.00000 
3.14159 6.28319 -0.00000 0.00000 
3.14159 6.28319 -0.00000 0.00000 
3.14159 6.28319 -0.00000 0.00000 
3.14159 6.28319 -0.00000 0.00000 
3.14159 6.28319 -0.00000 0.00000 
3.14159 6.28319 -0.00000 0.00000 
3.14159 6.28319 -0.00000 0.00000 
3.14159 6.28319 -0.00000 0.00000 
3.14159 6.28319 -0.00000 0.00000 
3.14159 6.28319 -0.00000 0.00000 
3.14159 6.28319 -0.00000 0.00000 
3.14159 6.28319 -0.00000 0.00000 
3.14159 6.28319 -0.00000 0.00000 
3.14159 6.28319 -0.00000 0.00000 
3.14159 6.28319 -0.00000 0.00000 
3.14159 6.28319 -0.00000 0.00000 
3.14159 6.28319 -0.00000 0.00000 
3.14159 6.28319 -0.00000 0.00000 
3.14159 6.28319 -0.00000 0.00000 
3.14159 6.28319 -0.00000 0.00000 
3.14159 6.28319 -0.00000 0.00000 
3.14159 6.28319 -0.00000 0.00000 
3.14159 6.28319 -0.00000 0.00000 
3.14159 6.28319 -0.00000 0.00000 
3.14159 6.28319 -0.00000 0.00000 
3.14159 6.28319 -0.00000 0.00000 
3.14159 6.28319 -0.00000 0.00000 
3.14159 6.28319 -0.00000 0.00000 
3.14159 6.28319 -0.00000 0.00000 
3.14159 6.28319 -0.00000 0.00000 
3.14159 6.28319 -0.00000 0.00000 
3.14159 6.28319 -0.00000 0.00000 
3.14159 6.28319 -0.00000 0.00000 
3.14159 6.28319 -0.00000 0.00000 
3.14159 6.28319 -0.00000 0.00000 
3.14159 6.28319 -0.00000 0.00000 
3.14159 6.28319 -0.00000 0.00000 
3.14159 6.28319 -0.00000 0.00000 
3.14159 6.28319 -0.00000 0.00000 
3.14159 6.28319 -0.00000 0.00000 
3.14159 6.28319 -0.00000 0.00000 
3.14159 6.28319 -0.00000 0.00000 
3.14159 6.28319 -0.00000 0.00000 
3.14159 6.28319 -0.00000 0.00000 
3.14159 6.28319 -0.00000 0.00000 
3.14159 6.28319 -0.00000 0.00000 
3.14159 6.28319 -0.00000 0.00000 
3.14159 6.28319 -0.00000 0.00000 
3.14159 6.28319 -0.00000 0.00000 
3.14159 6.28319 -0.00000 0.00000 
3.14159 6.28319 -0.00000 0.00000 
3.14159 6.28319 -0.00000 0.00000 
3.14159 6.28319 -0.00000 0.00000 
3.14159 6.28319 -0.00000 0.00000 
3.14159 6.28319 -0.00000 0.00000 
3.14159 6.28319 -0.00000 0.00000 
3.14159 6.28319 -0.00000 0.00000 
3.14159 6.28319 -0.00000 0.00000 
3.14159 6.28319 -0.00000 0.00000 
3.14159 6.28319 -0.00000 0.00000 
3.14159 6.28319 -0.00000 0.00000 
3.14159 6.28319 -0.00000 0.00000 
3.14159 6.28319 -0.00000 0.00000 
3.14159 6.28319 -0.00000 0.00000 
3.14159 6.28319 -0.00000 0.00000 
3.14159 6.28319 -0.00000 0.00000 
3.14159 6.28319 -0.00000 0.00000 
3.14159 6.28319 -0.00000 0.00000 
3.14159 6.28319 -0.00000 0.00000 
3.14159 6.28319 -0.00000 0.00000 
3.14159 6.28319 -0.00000 0.00000 
3.14159 6.28319 -0.00000 0.00000 
3.14159 6.28319 -0.00000 0.00000 
3.14159 6.28319 -0.00000 0.00000 
3.14159 6.28319 -0.00000 0.00000 
3.14159 6.28319 -0.00000 0.00000 
3.14159 6.28319 -0.00000 0.00000 
3.14159 6.28319 -0.00000 0.00000 
3.14159 6.28319 -0.00000 0.00000 
3.14159 6.28319 -0.00000 0.00000 
3.14159 6.28319 -0.00000 0.00000 
3.14159 6.28319 -0.00000 0.00000 
3.14159 6.28319 -0.00000 0.00000 
3.14159 6.28319 -0.00000 0.00000 
3.14159 6.28319 -0.00000 0.00000 
3.14159 6.28319 -0.00000 0.00000 
3.14159 6.28319 -0.00000 0.00000 
3.14159 6.28319 -0.00000 0.00000 
3.14159 6.28319 -0.00000 0.00000 
3.14159 6.28319 -0.00000 0.00000 
3.14159 6.28319 -0.00000 0.00000 
3.14159 6.28319 -0.00000 0.00000 
3.14159 6.28319 -0.00000 0.00000 
3.14159 6.28319 -0.00000 0.00000 
3.14159 6.28319 -0.00000 0.00000 
3.14159 6.28319 -0.00000 0.00000 
3.14159 6.28319 -0.00000 0.00000 
3.14159 6.28319 -0.00000 0.00000 
3.14159 6.28319 -0.00000 0.00000 
3.14159 6.28319 -0.00000 0.00000 
3.14159 6.28319 -0.00000 0.00000 
3.14159 6.28319 -0.00000 0.00000 
3.14159 6.28319 -0.00000 0.00000 
3.14159 6.28319 -0.00000 0.00000 
3.14159 6.28319 -0.00000 0.00000 
3.14159 6.28319 -0.00000 0.00000 
3.14159 6.28319 -0.00000 0.00000 
3.14159 6.28319 -0.00000 0.00000 
3.14159 6.28319 -0.00000 0.00000 
3.14159 6.28319 -0.00000 0.00000 
3.14159 6.28319 -0.00000 0.00000 
3.14159 6.28319 -0.00000 0.00000 
3.14159 6.28319 -0.00000 0.00000 
3.14159 6.28319 -0.00000 0.00000 
3.14159 6.28319 -0.00000 0.00000 
3.14159 6.28319 -0.00000 0.00000 
3.14159 6.28319 -0.00000 0.00000 
3.14159 6.28319 -0.00000 0.00000 
3.14159 6.28319 -0.00000 0.00000 
3.14159 6.28319 -0.00000 0.00000 
3.14159 6.28319 -0.00000 0.00000 
3.14159 6.28319 -0.00000 0.00000 
3.14159 6.28319 -0.00000 0.00000 
3.14159 6.28319 -0.00000 0.00000 
3.14159 6.28319 -0.00000 0.00000 
3.14159 6.28319 -0.00000 0.00000 
3.14159 6.28319 -0.00000 0.00000 
3.14159 6.28319 -0.00000 0.00000 
3.14159 6.28319 -0.00000 0.00000 
3.14159 6.28319 -0.00000 0.00000 
3.14159 6.28319 -0.00000 0.00000 
3.14159 6.28319 -0.00000 0.00000 
3.14159 6.28319 -0.00000 0.00000 
3.14159 6.28319 -0.00000 0.00000 
3.14159 6.28319 -0.00000 0.00000 
3.14159 6.28319 -0.00000 0.00000 
3.14159 6.28319 -0.00000 0.00000 
3.14159 6.28319 -0.00000 0.00000 
3.14159 6.28319 -0.00000 0.00000 
3.14159 6.28319 -0.00000 0.00000 
3.14159 6.28319 -0.00000 0.00000 
3.14159 6.28319 -0.00000 0.00000 
3.14159 6.28319 -0.00000 0.00000 
3.14159 6.28319 -0.00000 0.00000 
3.14159 6.28319 -0.00000 0.00000 
3.14159 6.28319 -0.00000 0.00000 
3.14159 6.28319 -0.00000 0.00000 
3.14159 6.28319 -0.00000 0.00000 
3.14159 6.28319 -0.00000 0.00000 
3.14159 6.28319 -0.00000 0.00000 
3.14159 6.28319 -0.00000 0.00000 
3.14159 6.28319 -0.00000 0.00000 
3.14159 6.28319 -0.00000 0.00000 
3.14159 6.28319 -0.00000 0.00000 
3.14159 6.28319 -0.00000 0.00000 
3.14159 6.28319 -0.00000 0.00000 
3.14159 6.28319 -0.00000 0.00000 
3.14159 6.28319 -0.00000 0.00000 
3.14159 6.28319 -0.00000 0.00000 
3.14159 6.28319 -0.00000 0.00000 

