0.00000 0.00000 0.00000 0.00000 
6.28291 0.00045 -0.27645 0.45029 
6.28208 0.00180 -0.55281 0.90043 
6.28070 0.00405 -0.82899 1.35022 
6.27876 0.00720 -1.10491 1.79951 
6.27628 0.01125 -1.38045 2.24810 
6.27324 0.01619 -1.65552 2.69577 
6.26966 0.02203 -1.92999 3.14228 
6.26552 0.02876 -2.20373 3.58738 
6.26084 0.03638 -2.47660 4.03076 
6.25562 0.04488 -2.74843 4.47208 
6.24985 0.05427 -3.01905 4.91097 
6.24354 0.06453 -3.28825 5.34702 
6.23670 0.07565 -3.55583 5.77975 
6.22932 0.08764 -3.82154 6.20866 
6.22141 0.10048 -4.08512 6.63319 
6.21298 0.11417 -4.34631 7.05274 
6.20403 0.12869 -4.60480 7.46666 
6.19456 0.14403 -4.86029 7.87426 
6.18459 0.16018 -5.11245 8.27481 
6.17412 0.17713 -5.36094 8.66757 
6.16315 0.19485 -5.60542 9.05175 
6.15170 0.21333 -5.84554 9.42656 
6.13977 0.23255 -6.08096 9.79120 
6.12738 0.25249 -6.31133 10.14488 
6.11453 0.27312 -6.53633 10.48684 
6.10124 0.29442 -6.75564 10.81632 
6.08751 0.31638 -6.96900 11.13265 
6.07336 0.33895 -7.17613 11.43517 
6.05881 0.36211 -7.37682 11.72332 
6.04386 0.38583 -7.57090 11.99660 
6.02853 0.41008 -7.75821 12.25459 
6.01283 0.43484 -7.93869 12.49699 
5.99678 0.46006 -8.11228 12.72356 
5.98039 0.48572 -8.27899 12.93418 
5.96367 0.51179 -8.43888 13.12883 
5.94664 0.53823 -8.59207 13.30758 
5.92931 0.56501 -8.73869 13.47060 
5.91165 0.59215 -8.91439 13.67199 
5.89365 0.61968 -9.08309 13.85610 
5.87532 0.64757 -9.24505 14.02323 
5.85668 0.67577 -9.40054 14.17377 
5.83772 0.70425 -9.54990 14.30819 
5.81848 0.73299 -9.69348 14.42699 
5.79895 0.76195 -9.83165 14.53077 
5.77916 0.79110 -9.96482 14.62013 
5.75910 0.82042 -10.09341 14.69571 
5.73879 0.84987 -10.21783 14.75817 
5.71823 0.87944 -10.33852 14.80819 
5.69743 0.90910 -10.45590 14.84642 
5.67641 0.93882 -10.57040 14.87353 
5.65515 0.96859 -10.68244 14.89015 
5.63368 0.99838 -10.79244 14.89692 
5.61199 1.02817 -10.90079 14.89442 
5.59008 1.05795 -11.00788 14.88325 
5.56796 1.08770 -11.11408 14.86392 
5.54562 1.11740 -11.21975 14.83696 
5.52308 1.14704 -11.32523 14.80284 
5.50032 1.17660 -11.43085 14.76200 
5.47735 1.20608 -11.53692 14.71485 
5.45417 1.23546 -11.64373 14.66176 
5.43078 1.26473 -11.75155 14.60307 
5.40717 1.29387 -11.86065 14.53910 
5.38333 1.32288 -11.97128 14.47012 
5.35928 1.35175 -12.08365 14.39637 
5.33500 1.38046 -12.19799 14.31809 
5.31049 1.40902 -12.31449 14.23546 
5.28574 1.43740 -12.43335 14.14865 
5.26075 1.46561 -12.55472 14.05781 
5.23552 1.49363 -12.67878 13.96305 
5.21003 1.52146 -12.80565 13.86450 
5.18429 1.54908 -12.93547 13.76221 
5.15829 1.57650 -13.06835 13.65627 
5.13202 1.60371 -13.20441 13.54673 
5.10547 1.63069 -13.34371 13.43361 
5.07864 1.65744 -13.48635 13.31695 
5.05152 1.68395 -13.63237 13.19675 
5.02411 1.71022 -13.78184 13.07302 
4.99639 1.73624 -13.93477 12.94576 
4.96837 1.76200 -14.09118 12.81494 
4.94003 1.78750 -14.25109 12.68054 
4.91136 1.81272 -14.41448 12.54254 
4.88236 1.83767 -14.58132 12.40092 
4.85303 1.86233 -14.75158 12.25564 
4.82336 1.88669 -14.92519 12.10666 
4.79333 1.91075 -15.10208 11.95396 
4.76295 1.93450 -15.28216 11.79750 
4.73220 1.95794 -15.46534 11.63726 
4.70108 1.98105 -15.65149 11.47321 
4.66959 2.00383 -15.84047 11.30532 
4.63772 2.02627 -16.03215 11.13359 
4.60546 2.04836 -16.22635 10.95799 
4.57281 2.07010 -16.42291 10.77854 
4.53977 2.09147 -16.62162 10.59523 
4.50632 2.11248 -16.82229 10.40807 
4.47248 2.13310 -17.02471 10.21709 
4.43843 2.15321 -17.02429 9.89125 
4.40438 2.17267 -17.02223 9.56919 
4.37034 2.19149 -17.01830 9.25089 
4.33631 2.20967 -17.01232 8.93635 
4.30229 2.22724 -17.00412 8.62557 
4.26829 2.24418 -16.99354 8.31856 
4.23432 2.26051 -16.98048 8.01533 
4.20037 2.27624 -16.96481 7.71591 
4.16646 2.29138 -16.94647 7.42032 
4.13259 2.30593 -16.92538 7.12858 
4.09876 2.31990 -16.90149 6.84073 
4.06499 2.33329 -16.87478 6.55679 
4.03127 2.34613 -16.84524 6.27678 
3.99761 2.35840 -16.81285 6.00073 
3.96402 2.37013 -16.77765 5.72866 
3.93050 2.38132 -16.73965 5.46058 
3.89706 2.39198 -16.69889 5.19651 
3.86370 2.40211 -16.65542 4.93645 
3.83044 2.41172 -16.60930 4.68042 
3.79727 2.42083 -16.56059 4.42841 
3.76420 2.42944 -16.50935 4.18041 
3.73123 2.43756 -16.45566 3.93642 
3.69838 2.44519 -16.39959 3.69641 
3.66564 2.45235 -16.34123 3.46037 
3.63301 2.45903 -16.28065 3.22827 
3.60052 2.46526 -16.21793 3.00008 
3.56814 2.47104 -16.15316 2.77576 
3.53590 2.47637 -16.08642 2.55527 
3.50380 2.48126 -16.01777 2.33857 
3.47183 2.48572 -15.94731 2.12559 
3.44001 2.48976 -15.87509 1.91630 
3.40834 2.49339 -15.80120 1.71062 
3.37681 2.49661 -15.72569 1.50850 
3.34543 2.49943 -15.64863 1.30986 
3.31421 2.50185 -15.57008 1.11465 
3.28315 2.50389 -15.49008 0.92278 
3.25226 2.50554 -15.40871 0.73418 
3.22176 2.50671 -15.08406 0.43203 
3.19192 2.50728 -14.75802 0.13837 
3.16273 2.50727 -14.43086 -0.14707 
3.13420 2.50670 -14.10281 -0.42452 
3.10632 2.50558 -13.77411 -0.69422 
3.07910 2.50392 -13.44499 -0.95640 
3.05254 2.50175 -13.11564 -1.21128 
3.02664 2.49908 -12.78629 -1.45908 
3.00139 2.49592 -12.45712 -1.70001 
2.97681 2.49229 -12.12831 -1.93427 
2.95288 2.48819 -11.80007 -2.16205 
2.92961 2.48364 -11.47254 -2.38355 
2.90699 2.47866 -11.14592 -2.59894 
2.88502 2.47325 -10.82035 -2.80842 
2.86371 2.46743 -10.49601 -3.01214 
2.84304 2.46121 -10.17303 -3.21027 
2.82302 2.45459 -9.85158 -3.40299 
2.80363 2.44760 -9.53180 -3.59045 
2.78489 2.44023 -9.21382 -3.77281 
2.76678 2.43251 -8.89778 -3.95021 
2.74929 2.42444 -8.58382 -4.12281 
2.73244 2.41602 -8.27206 -4.29076 
2.71620 2.40728 -7.96263 -4.45420 
2.70059 2.39821 -7.65564 -4.61327 
2.68558 2.38883 -7.35121 -4.76811 
2.67118 2.37914 -7.04944 -4.91887 
2.65738 2.36915 -6.75044 -5.06567 
2.64418 2.35888 -6.45430 -5.20867 
2.63156 2.34832 -6.16112 -5.34798 
2.61953 2.33749 -5.87097 -5.48376 
2.60808 2.32639 -5.58395 -5.61613 
2.59719 2.31503 -5.30012 -5.74524 
2.58687 2.30341 -5.01955 -5.87120 
2.57711 2.29154 -4.74230 -5.99417 
2.56790 2.27943 -4.46842 -6.11428 
2.55924 2.26709 -4.19796 -6.23166 
2.55111 2.25451 -3.93096 -6.34644 
2.54351 2.24170 -3.66744 -6.45877 
2.53643 2.22868 -3.40744 -6.56877 
2.52988 2.21543 -3.15097 -6.67659 
2.52383 2.20197 -2.89804 -6.78236 
2.51828 2.18830 -2.64866 -6.88623 
2.51323 2.17443 -2.40282 -6.98832 
2.50867 2.16035 -2.16052 -7.08877 
2.50459 2.14607 -1.92173 -7.18773 
2.50098 2.13160 -1.68643 -7.28533 
2.49784 2.11693 -1.45461 -7.38172 
2.49516 2.10207 -1.22621 -7.47702 
2.49293 2.08703 -1.00120 -7.57139 
2.49115 2.07179 -0.77953 -7.66497 
2.48981 2.05637 -0.56115 -7.75789 
2.48891 2.04076 -0.34600 -7.85030 
2.48843 2.02497 -0.13403 -7.94235 
2.48837 2.00899 0.07485 -8.03417 
2.48872 1.99283 0.28071 -8.12591 
2.48949 1.97648 0.48361 -8.21773 
2.49066 1.95996 0.68364 -8.30976 
2.49222 1.94325 0.88090 -8.40216 
2.49418 1.92635 1.07546 -8.49507 
2.49652 1.90926 1.26743 -8.58866 
2.49925 1.89199 1.45689 -8.68306 
2.50235 1.87453 1.64396 -8.77845 
2.50582 1.85688 1.82874 -8.87498 
2.50966 1.83903 2.01134 -8.97281 
2.51386 1.82099 2.19186 -9.07210 
2.51843 1.80274 2.37044 -9.17303 
2.52334 1.78429 2.54717 -9.27576 
2.52861 1.76564 2.72219 -9.38047 
2.53423 1.74677 2.89563 -9.48735 
2.54020 1.72769 3.06760 -9.59657 
2.54650 1.70838 3.23826 -9.70832 
2.55315 1.68885 3.40772 -9.82280 
2.56013 1.66909 3.57614 -9.94022 
2.56745 1.64909 3.74365 -10.06078 
2.57511 1.62884 3.91041 -10.18470 
2.58309 1.60835 4.07657 -10.31221 
2.59141 1.58759 4.24229 -10.44353 
2.60006 1.56657 4.40772 -10.57891 
2.60904 1.54527 4.57305 -10.71860 
2.61835 1.52369 4.73843 -10.86288 
2.62800 1.50182 4.90406 -11.01201 
2.63797 1.47964 5.07011 -11.16629 
2.64828 1.45715 5.23679 -11.32602 
2.65892 1.43433 5.40428 -11.49152 
2.66990 1.41118 5.57281 -11.66314 
2.68121 1.38768 5.74259 -11.84121 
2.69287 1.36381 5.91384 -12.02612 
2.70487 1.33957 6.08681 -12.21826 
2.71722 1.31493 6.26173 -12.41804 
2.72992 1.28989 6.43887 -12.62590 
2.74297 1.26442 6.61850 -12.84231 
2.75639 1.23851 6.80091 -13.06774 
2.77018 1.21215 6.98638 -13.30271 
2.78407 1.18563 6.90162 -13.20938 
2.79778 1.15931 6.81658 -13.11296 
2.81133 1.13318 6.73112 -13.01330 
2.82471 1.10726 6.64510 -12.91026 
2.83791 1.08154 6.55839 -12.80369 
2.85094 1.05605 6.47086 -12.69344 
2.86379 1.03077 6.38237 -12.57938 
2.87647 1.00573 6.29282 -12.46136 
2.88897 0.98093 6.20208 -12.33925 
2.90128 0.95638 6.11004 -12.21294 
2.91340 0.93208 6.01661 -12.08229 
2.92534 0.90805 5.92168 -11.94721 
2.93709 0.88430 5.82516 -11.80760 
2.94864 0.86082 5.72696 -11.66336 
2.96000 0.83765 5.62703 -11.51442 
2.97115 0.81477 5.52528 -11.36072 
2.98210 0.79221 5.42165 -11.20221 
2.99283 0.76996 5.31611 -11.03886 
3.00336 0.74805 5.20860 -10.87066 
3.01367 0.72648 5.09910 -10.69760 
3.02375 0.70527 4.98759 -10.51970 
3.03362 0.68441 4.87406 -10.33699 
3.04325 0.66392 4.75851 -10.14954 
3.05265 0.64381 4.64093 -9.95740 
3.06181 0.62410 4.52137 -9.76066 

