3.00000 0.00000 0.00000 0.00000 
2.99999 0.00003 -0.00868 0.01876 
2.99997 0.00007 -0.00964 0.02268 
2.99995 0.00012 -0.00980 0.02504 
2.99993 0.00017 -0.00964 0.02675 
2.99991 0.00022 -0.00936 0.02815 
2.99989 0.00028 -0.00904 0.02940 
2.99987 0.00034 -0.00871 0.03056 
2.99986 0.00040 -0.00840 0.03169 
2.99984 0.00047 -0.00810 0.03278 
2.99983 0.00053 -0.00782 0.03385 
2.99981 0.00060 -0.00757 0.03491 
2.99980 0.00067 -0.00733 0.03594 
2.99978 0.00075 -0.00711 0.03695 
2.99977 0.00082 -0.00691 0.03794 
2.99975 0.00090 -0.00672 0.03890 
2.99974 0.00098 -0.00654 0.03985 
2.99973 0.00106 -0.00637 0.04077 
2.99971 0.00114 -0.00621 0.04167 
2.99970 0.00122 -0.00606 0.04254 
2.99969 0.00131 -0.00591 0.04339 
2.99968 0.00140 -0.00578 0.04421 
2.99967 0.00149 -0.00564 0.04501 
2.99966 0.00158 -0.00552 0.04578 
2.99964 0.00167 -0.00540 0.04653 
2.99963 0.00176 -0.00528 0.04726 
2.99962 0.00186 -0.00517 0.04796 
2.99961 0.00195 -0.00506 0.04864 
2.99960 0.00205 -0.00495 0.04929 
2.99959 0.00215 -0.00485 0.04992 
2.99958 0.00225 -0.00475 0.05053 
2.99957 0.00235 -0.00465 0.05111 
2.99957 0.00246 -0.00455 0.05167 
2.99956 0.00256 -0.00446 0.05221 
2.99955 0.00267 -0.00437 0.05272 
2.99954 0.00277 -0.00428 0.05322 
2.99953 0.00288 -0.00419 0.05369 
2.99952 0.00299 -0.00410 0.05413 
2.99951 0.00309 -0.00402 0.05456 
2.99951 0.00320 -0.00393 0.05497 
2.99950 0.00331 -0.00385 0.05535 
2.99949 0.00343 -0.00377 0.05572 
2.99948 0.00354 -0.00369 0.05606 
2.99948 0.00365 -0.00362 0.05638 
2.99947 0.00376 -0.00354 0.05669 
2.99946 0.00388 -0.00346 0.05697 
2.99946 0.00399 -0.00339 0.05723 
2.99945 0.00411 -0.00332 0.05747 
2.99944 0.00422 -0.00325 0.05770 
2.99944 0.00434 -0.00317 0.05790 
2.99943 0.00445 -0.00310 0.05809 
2.99942 0.00457 -0.00304 0.05825 
2.99942 0.00469 -0.00297 0.05840 
2.99941 0.00480 -0.00290 0.05853 
2.99941 0.00492 -0.00283 0.05865 
2.99940 0.00504 -0.00277 0.05874 
2.99939 0.00515 -0.00270 0.05882 
2.99939 0.00527 -0.00264 0.05888 
2.99938 0.00539 -0.00258 0.05892 
2.99938 0.00551 -0.00252 0.05895 
2.99937 0.00563 -0.00246 0.05896 
2.99937 0.00574 -0.00240 0.05895 
2.99936 0.00586 -0.00234 0.05893 
2.99936 0.00598 -0.00228 0.05889 
2.99936 0.00610 -0.00222 0.05883 
2.99935 0.00621 -0.00216 0.05877 
2.99935 0.00633 -0.00211 0.05868 
2.99934 0.00645 -0.00205 0.05858 
2.99934 0.00657 -0.00200 0.05847 
2.99933 0.00668 -0.00195 0.05834 
2.99933 0.00680 -0.00189 0.05820 
2.99933 0.00692 -0.00184 0.05804 
2.99932 0.00703 -0.00179 0.05788 
2.99932 0.00715 -0.00174 0.05769 
2.99932 0.00726 -0.00169 0.05750 
2.99931 0.00738 -0.00164 0.05729 
2.99931 0.00749 -0.00160 0.05707 
2.99931 0.00760 -0.00155 0.05684 
2.99930 0.00772 -0.00150 0.05660 
2.99930 0.00783 -0.00146 0.05635 
2.99930 0.00794 -0.00142 0.05608 
2.99930 0.00806 -0.00137 0.05581 
2.99929 0.00817 -0.00133 0.05552 
2.99929 0.00828 -0.00129 0.05522 
2.99929 0.00839 -0.00125 0.05492 
2.99928 0.00850 -0.00121 0.05460 
2.99928 0.00861 -0.00117 0.05428 
2.99928 0.00871 -0.00113 0.05394 
2.99928 0.00882 -0.00110 0.05360 
2.99928 0.00893 -0.00106 0.05325 
2.99927 0.00903 -0.00103 0.05290 
2.99927 0.00914 -0.00099 0.05253 
2.99927 0.00924 -0.00096 0.05216 
2.99927 0.00935 -0.00093 0.05178 
2.99927 0.00945 -0.00090 0.05140 
2.99926 0.00955 -0.00086 0.05100 
2.99926 0.00966 -0.00084 0.05061 
2.99926 0.00976 -0.00081 0.05021 
2.99926 0.00986 -0.00078 0.04980 
2.99926 0.00996 -0.00075 0.04939 
2.99926 0.01005 -0.00073 0.04897 
2.99926 0.01015 -0.00070 0.04855 
2.99925 0.01025 -0.00068 0.04813 
2.99925 0.01034 -0.00066 0.04770 
2.99925 0.01044 -0.00064 0.04727 
2.99925 0.01053 -0.00062 0.04683 
2.99925 0.01063 -0.00060 0.04640 
2.99925 0.01072 -0.00058 0.04596 
2.99925 0.01081 -0.00056 0.04552 
2.99925 0.01090 -0.00054 0.04508 
2.99924 0.01099 -0.00053 0.04464 
2.99924 0.01108 -0.00051 0.04420 
2.99924 0.01117 -0.00050 0.04376 
2.99924 0.01125 -0.00049 0.04332 
2.99924 0.01134 -0.00047 0.04288 
2.99924 0.01143 -0.00046 0.04244 
2.99924 0.01151 -0.00045 0.04200 
2.99924 0.01159 -0.00044 0.04156 
2.99924 0.01168 -0.00044 0.04112 
2.99924 0.01176 -0.00043 0.04069 
2.99923 0.01184 -0.00042 0.04025 
2.99923 0.01192 -0.00042 0.03982 
2.99923 0.01200 -0.00041 0.03940 
2.99923 0.01208 -0.00041 0.03897 
2.99923 0.01215 -0.00041 0.03855 
2.99923 0.01223 -0.00040 0.03813 
2.99923 0.01231 -0.00040 0.03772 
2.99923 0.01238 -0.00040 0.03731 
2.99923 0.01246 -0.00040 0.03690 
2.99923 0.01253 -0.00040 0.03650 
2.99923 0.01260 -0.00040 0.03610 
2.99923 0.01267 -0.00041 0.03571 
2.99923 0.01274 -0.00041 0.03532 
2.99922 0.01282 -0.00041 0.03494 
2.99922 0.01288 -0.00042 0.03456 
2.99922 0.01295 -0.00042 0.03419 
2.99922 0.01302 -0.00043 0.03383 
2.99922 0.01309 -0.00043 0.03346 
2.99922 0.01316 -0.00044 0.03311 
2.99922 0.01322 -0.00044 0.03276 
2.99922 0.01329 -0.00045 0.03242 
2.99922 0.01335 -0.00046 0.03208 
2.99922 0.01341 -0.00047 0.03175 
2.99922 0.01348 -0.00047 0.03142 
2.99921 0.01354 -0.00048 0.03110 
2.99921 0.01360 -0.00049 0.03079 
2.99921 0.01366 -0.00050 0.03048 
2.99921 0.01372 -0.00051 0.03018 
2.99921 0.01378 -0.00052 0.02989 
2.99921 0.01384 -0.00053 0.02960 
2.99921 0.01390 -0.00054 0.02931 
2.99921 0.01396 -0.00055 0.02904 
2.99921 0.01402 -0.00056 0.02877 
2.99921 0.01408 -0.00057 0.02850 
2.99920 0.01413 -0.00058 0.02824 
2.99920 0.01419 -0.00059 0.02799 
2.99920 0.01424 -0.00060 0.02774 
2.99920 0.01430 -0.00061 0.02750 
2.99920 0.01435 -0.00062 0.02727 
2.99920 0.01441 -0.00062 0.02703 
2.99920 0.01446 -0.00063 0.02681 
2.99920 0.01452 -0.00064 0.02659 
2.99919 0.01457 -0.00065 0.02638 
2.99919 0.01462 -0.00066 0.02617 
2.99919 0.01467 -0.00067 0.02596 
2.99919 0.01473 -0.00068 0.02576 
2.99919 0.01478 -0.00069 0.02557 
2.99919 0.01483 -0.00070 0.02538 
2.99919 0.01488 -0.00071 0.02519 
2.99918 0.01493 -0.00071 0.02501 
2.99918 0.01498 -0.00072 0.02484 
2.99918 0.01503 -0.00073 0.02466 
2.99918 0.01508 -0.00074 0.02450 
2.99918 0.01513 -0.00074 0.02433 
2.99918 0.01517 -0.00075 0.02417 
2.99918 0.01522 -0.00076 0.02402 
2.99917 0.01527 -0.00076 0.02386 
2.99917 0.01532 -0.00077 0.02371 
2.99917 0.01536 -0.00078 0.02357 
2.99917 0.01541 -0.00078 0.02343 
2.99917 0.01546 -0.00079 0.02329 
2.99917 0.01551 -0.00079 0.02315 
2.99917 0.01555 -0.00080 0.02302 
2.99916 0.01560 -0.00080 0.02289 
2.99916 0.01564 -0.00081 0.02276 
2.99916 0.01569 -0.00081 0.02264 
2.99916 0.01573 -0.00082 0.02252 
2.99916 0.01578 -0.00082 0.02240 
2.99916 0.01582 -0.00082 0.02229 
2.99915 0.01587 -0.00083 0.02217 
2.99915 0.01591 -0.00083 0.02206 
2.99915 0.01596 -0.00083 0.02195 
2.99915 0.01600 -0.00084 0.02185 
2.99915 0.01604 -0.00084 0.02174 
2.99915 0.01609 -0.00084 0.02164 
2.99914 0.01613 -0.00084 0.02154 
2.99914 0.01617 -0.00085 0.02144 
2.99914 0.01622 -0.00085 0.02134 
2.99914 0.01626 -0.00085 0.02125 
2.99914 0.01630 -0.00085 0.02116 
2.99914 0.01634 -0.00085 0.02107 
2.99913 0.01638 -0.00085 0.02098 
2.99913 0.01643 -0.00086 0.02089 
2.99913 0.01647 -0.00086 0.02080 
2.99913 0.01651 -0.00086 0.02072 
2.99913 0.01655 -0.00086 0.02063 
2.99913 0.01659 -0.00086 0.02055 
2.99912 0.01663 -0.00086 0.02047 
2.99912 0.01667 -0.00086 0.02039 
2.99912 0.01671 -0.00086 0.02031 
2.99912 0.01676 -0.00086 0.02024 
2.99912 0.01680 -0.00086 0.02016 
2.99911 0.01684 -0.00086 0.02008 
2.99911 0.01688 -0.00086 0.02001 
2.99911 0.01692 -0.00086 0.01994 
2.99911 0.01696 -0.00086 0.01987 
2.99911 0.01700 -0.00086 0.01980 
2.99911 0.01703 -0.00086 0.01973 
2.99910 0.01707 -0.00086 0.01966 
2.99910 0.01711 -0.00086 0.01959 
2.99910 0.01715 -0.00086 0.01952 
2.99910 0.01719 -0.00085 0.01946 
2.99910 0.01723 -0.00085 0.01939 
2.99910 0.01727 -0.00085 0.01933 
2.99909 0.01731 -0.00085 0.01926 
2.99909 0.01735 -0.00085 0.01920 
2.99909 0.01738 -0.00085 0.01914 
2.99909 0.01742 -0.00085 0.01907 
2.99909 0.01746 -0.00085 0.01901 
2.99909 0.01750 -0.00085 0.01895 
2.99908 0.01754 -0.00084 0.01889 
2.99908 0.01757 -0.00084 0.01883 
2.99908 0.01761 -0.00084 0.01878 
2.99908 0.01765 -0.00084 0.01872 
2.99908 0.01769 -0.00084 0.01866 
2.99908 0.01772 -0.00084 0.01860 
2.99907 0.01776 -0.00083 0.01855 
2.99907 0.01780 -0.00083 0.01849 
2.99907 0.01783 -0.00083 0.01844 
2.99907 0.01787 -0.00083 0.01838 
2.99907 0.01791 -0.00083 0.01833 
2.99907 0.01795 -0.00083 0.01828 
2.99906 0.01798 -0.00082 0.01822 
2.99906 0.01802 -0.00082 0.01817 
2.99906 0.01805 -0.00082 0.01812 
2.99906 0.01809 -0.00082 0.01807 
2.99906 0.01813 -0.00082 0.01802 
2.99906 0.01816 -0.00081 0.01797 
2.99905 0.01820 -0.00081 0.01792 
2.99905 0.01823 -0.00081 0.01787 
2.99905 0.01827 -0.00081 0.01782 
2.99905 0.01831 -0.00081 0.01777 
2.99905 0.01834 -0.00081 0.01772 
2.99905 0.01838 -0.00080 0.01767 
2.99904 0.01841 -0.00080 0.01762 
2.99904 0.01845 -0.00080 0.01758 
2.99904 0.01848 -0.00080 0.01753 
2.99904 0.01852 -0.00080 0.01748 
2.99904 0.01855 -0.00079 0.01744 
2.99904 0.01859 -0.00079 0.01739 
2.99904 0.01862 -0.00079 0.01734 
2.99903 0.01866 -0.00079 0.01730 
2.99903 0.01869 -0.00078 0.01725 
2.99903 0.01872 -0.00078 0.01721 
2.99903 0.01876 -0.00078 0.01716 
2.99903 0.01879 -0.00078 0.01712 
2.99903 0.01883 -0.00078 0.01708 
2.99902 0.01886 -0.00077 0.01703 
2.99902 0.01890 -0.00077 0.01699 
2.99902 0.01893 -0.00077 0.01695 
2.99902 0.01896 -0.00077 0.01691 
2.99902 0.01900 -0.00077 0.01686 
2.99902 0.01903 -0.00076 0.01682 
2.99902 0.01906 -0.00076 0.01678 
2.99901 0.01910 -0.00076 0.01674 
2.99901 0.01913 -0.00076 0.01670 
2.99901 0.01916 -0.00075 0.01666 
2.99901 0.01920 -0.00075 0.01662 
2.99901 0.01923 -0.00075 0.01658 
2.99901 0.01926 -0.00075 0.01654 
2.99900 0.01930 -0.00075 0.01650 
2.99900 0.01933 -0.00074 0.01646 
2.99900 0.01936 -0.00074 0.01642 
2.99900 0.01940 -0.00074 0.01638 
2.99900 0.01943 -0.00074 0.01634 
2.99900 0.01946 -0.00073 0.01630 
2.99900 0.01949 -0.00073 0.01626 
2.99899 0.01953 -0.00073 0.01623 
2.99899 0.01956 -0.00073 0.01619 
2.99899 0.01959 -0.00073 0.01615 
2.99899 0.01962 -0.00072 0.01611 
2.99899 0.01966 -0.00072 0.01608 
2.99899 0.01969 -0.00072 0.01604 
2.99899 0.01972 -0.00072 0.01600 
2.99898 0.01975 -0.00071 0.01597 
2.99898 0.01978 -0.00071 0.01593 
2.99898 0.01982 -0.00071 0.01589 
2.99898 0.01985 -0.00071 0.01586 
2.99898 0.01988 -0.00071 0.01582 
2.99898 0.01991 -0.00070 0.01579 
2.99898 0.01994 -0.00070 0.01575 
2.99897 0.01997 -0.00070 0.01572 
2.99897 0.02000 -0.00070 0.01568 
2.99897 0.02004 -0.00069 0.01565 
2.99897 0.02007 -0.00069 0.01561 
2.99897 0.02010 -0.00069 0.01558 
2.99897 0.02013 -0.00069 0.01554 
2.99897 0.02016 -0.00069 0.01551 
2.99896 0.02019 -0.00068 0.01548 
2.99896 0.02022 -0.00068 0.01544 
2.99896 0.02025 -0.00068 0.01541 
2.99896 0.02028 -0.00068 0.01538 
2.99896 0.02031 -0.00067 0.01534 
2.99896 0.02035 -0.00067 0.01531 
2.99896 0.02038 -0.00067 0.01528 
2.99896 0.02041 -0.00067 0.01525 
2.99895 0.02044 -0.00067 0.01521 
2.99895 0.02047 -0.00066 0.01518 
2.99895 0.02050 -0.00066 0.01515 
2.99895 0.02053 -0.00066 0.01512 
2.99895 0.02056 -0.00066 0.01509 
2.99895 0.02059 -0.00065 0.01505 
2.99895 0.02062 -0.00065 0.01502 
2.99894 0.02065 -0.00065 0.01499 
2.99894 0.02068 -0.00065 0.01496 
2.99894 0.02071 -0.00065 0.01493 
2.99894 0.02074 -0.00064 0.01490 
2.99894 0.02077 -0.00064 0.01487 
2.99894 0.02080 -0.00064 0.01484 
2.99894 0.02083 -0.00064 0.01481 
2.99894 0.02086 -0.00063 0.01478 
2.99893 0.02089 -0.00063 0.01475 
2.99893 0.02092 -0.00063 0.01472 
2.99893 0.02095 -0.00063 0.01469 
2.99893 0.02097 -0.00063 0.01466 
2.99893 0.02100 -0.00062 0.01463 
2.99893 0.02103 -0.00062 0.01460 
2.99893 0.02106 -0.00062 0.01457 
2.99893 0.02109 -0.00062 0.01454 
2.99892 0.02112 -0.00061 0.01452 
2.99892 0.02115 -0.00061 0.01449 
2.99892 0.02118 -0.00061 0.01446 
2.99892 0.02121 -0.00061 0.01443 
2.99892 0.02124 -0.00061 0.01440 
2.99892 0.02126 -0.00060 0.01437 
2.99892 0.02129 -0.00060 0.01435 
2.99892 0.02132 -0.00060 0.01432 
2.99891 0.02135 -0.00060 0.01429 
2.99891 0.02138 -0.00060 0.01426 
2.99891 0.02141 -0.00059 0.01424 
2.99891 0.02144 -0.00059 0.01421 
2.99891 0.02146 -0.00059 0.01418 
2.99891 0.02149 -0.00059 0.01415 
2.99891 0.02152 -0.00058 0.01413 
2.99891 0.02155 -0.00058 0.01410 
2.99891 0.02158 -0.00058 0.01407 
2.99890 0.02161 -0.00058 0.01405 
2.99890 0.02163 -0.00058 0.01402 
2.99890 0.02166 -0.00057 0.01400 
2.99890 0.02169 -0.00057 0.01397 
2.99890 0.02172 -0.00057 0.01394 
2.99890 0.02175 -0.00057 0.01392 
2.99890 0.02177 -0.00056 0.01389 
2.99890 0.02180 -0.00056 0.01387 
2.99890 0.02183 -0.00056 0.01384 
2.99889 0.02186 -0.00056 0.01381 
2.99889 0.02188 -0.00056 0.01379 
2.99889 0.02191 -0.00055 0.01376 
2.99889 0.02194 -0.00055 0.01374 
2.99889 0.02197 -0.00055 0.01371 
2.99889 0.02199 -0.00055 0.01369 
2.99889 0.02202 -0.00055 0.01366 
2.99889 0.02205 -0.00054 0.01364 
2.99889 0.02208 -0.00054 0.01361 
2.99888 0.02210 -0.00054 0.01359 
2.99888 0.02213 -0.00054 0.01357 
2.99888 0.02216 -0.00053 0.01354 
2.99888 0.02218 -0.00053 0.01352 
2.99888 0.02221 -0.00053 0.01349 
2.99888 0.02224 -0.00053 0.01347 
2.99888 0.02227 -0.00053 0.01344 
2.99888 0.02229 -0.00052 0.01342 
2.99888 0.02232 -0.00052 0.01340 
2.99887 0.02235 -0.00052 0.01337 
2.99887 0.02237 -0.00052 0.01335 
2.99887 0.02240 -0.00052 0.01333 
2.99887 0.02243 -0.00051 0.01330 
2.99887 0.02245 -0.00051 0.01328 
2.99887 0.02248 -0.00051 0.01326 
2.99887 0.02251 -0.00051 0.01323 
2.99887 0.02253 -0.00051 0.01321 
2.99887 0.02256 -0.00050 0.01319 
2.99887 0.02258 -0.00050 0.01317 
2.99886 0.02261 -0.00050 0.01314 
2.99886 0.02264 -0.00050 0.01312 
2.99886 0.02266 -0.00049 0.01310 
2.99886 0.02269 -0.00049 0.01308 
2.99886 0.02272 -0.00049 0.01305 
2.99886 0.02274 -0.00049 0.01303 
2.99886 0.02277 -0.00049 0.01301 
2.99886 0.02279 -0.00048 0.01299 
2.99886 0.02282 -0.00048 0.01296 
2.99886 0.02285 -0.00048 0.01294 
2.99885 0.02287 -0.00048 0.01292 
2.99885 0.02290 -0.00048 0.01290 
2.99885 0.02292 -0.00047 0.01288 
2.99885 0.02295 -0.00047 0.01286 
2.99885 0.02297 -0.00047 0.01283 
2.99885 0.02300 -0.00047 0.01281 
2.99885 0.02303 -0.00047 0.01279 
2.99885 0.02305 -0.00046 0.01277 
2.99885 0.02308 -0.00046 0.01275 
2.99885 0.02310 -0.00046 0.01273 
2.99885 0.02313 -0.00046 0.01271 
2.99884 0.02315 -0.00045 0.01269 
2.99884 0.02318 -0.00045 0.01267 
2.99884 0.02320 -0.00045 0.01264 
2.99884 0.02323 -0.00045 0.01262 
2.99884 0.02325 -0.00045 0.01260 
2.99884 0.02328 -0.00044 0.01258 
2.99884 0.02330 -0.00044 0.01256 
2.99884 0.02333 -0.00044 0.01254 
2.99884 0.02335 -0.00044 0.01252 
2.99884 0.02338 -0.00044 0.01250 
2.99884 0.02340 -0.00043 0.01248 
2.99884 0.02343 -0.00043 0.01246 
2.99883 0.02345 -0.00043 0.01244 
2.99883 0.02348 -0.00043 0.01242 
2.99883 0.02350 -0.00043 0.01240 
2.99883 0.02353 -0.00042 0.01238 
2.99883 0.02355 -0.00042 0.01236 
2.99883 0.02358 -0.00042 0.01234 
2.99883 0.02360 -0.00042 0.01232 
2.99883 0.02363 -0.00042 0.01230 
2.99883 0.02365 -0.00041 0.01228 
2.99883 0.02368 -0.00041 0.01226 
2.99883 0.02370 -0.00041 0.01224 
2.99882 0.02373 -0.00041 0.01222 
2.99882 0.02375 -0.00041 0.01221 
2.99882 0.02377 -0.00040 0.01219 
2.99882 0.02380 -0.00040 0.01217 
2.99882 0.02382 -0.00040 0.01215 
2.99882 0.02385 -0.00040 0.01213 
2.99882 0.02387 -0.00040 0.01211 
2.99882 0.02390 -0.00039 0.01209 
2.99882 0.02392 -0.00039 0.01207 
2.99882 0.02394 -0.00039 0.01205 
2.99882 0.02397 -0.00039 0.01204 
2.99882 0.02399 -0.00039 0.01202 
2.99882 0.02402 -0.00038 0.01200 
2.99881 0.02404 -0.00038 0.01198 
2.99881 0.02406 -0.00038 0.01196 
2.99881 0.02409 -0.00038 0.01194 
2.99881 0.02411 -0.00038 0.01193 
2.99881 0.02414 -0.00037 0.01191 
2.99881 0.02416 -0.00037 0.01189 
2.99881 0.02418 -0.00037 0.01187 
2.99881 0.02421 -0.00037 0.01185 
2.99881 0.02423 -0.00037 0.01183 
2.99881 0.02425 -0.00036 0.01182 
2.99881 0.02428 -0.00036 0.01180 
2.99881 0.02430 -0.00036 0.01178 
2.99881 0.02432 -0.00036 0.01176 
2.99881 0.02435 -0.00036 0.01175 
2.99880 0.02437 -0.00035 0.01173 
2.99880 0.02440 -0.00035 0.01171 
2.99880 0.02442 -0.00035 0.01169 
2.99880 0.02444 -0.00035 0.01168 
2.99880 0.02447 -0.00035 0.01166 
2.99880 0.02449 -0.00034 0.01164 
2.99880 0.02451 -0.00034 0.01162 
2.99880 0.02454 -0.00034 0.01161 
2.99880 0.02456 -0.00034 0.01159 
2.99880 0.02458 -0.00034 0.01157 
2.99880 0.02460 -0.00033 0.01156 
2.99880 0.02463 -0.00033 0.01154 
2.99880 0.02465 -0.00033 0.01152 
2.99880 0.02467 -0.00033 0.01150 
2.99880 0.02470 -0.00033 0.01149 
2.99879 0.02472 -0.00032 0.01147 
2.99879 0.02474 -0.00032 0.01145 
2.99879 0.02477 -0.00032 0.01144 
2.99879 0.02479 -0.00032 0.01142 
2.99879 0.02481 -0.00032 0.01140 
2.99879 0.02483 -0.00031 0.01139 
2.99879 0.02486 -0.00031 0.01137 
2.99879 0.02488 -0.00031 0.01135 
2.99879 0.02490 -0.00031 0.01134 
2.99879 0.02492 -0.00031 0.01132 
2.99879 0.02495 -0.00030 0.01131 
2.99879 0.02497 -0.00030 0.01129 
2.99879 0.02499 -0.00030 0.01127 
2.99879 0.02502 -0.00030 0.01126 
2.99879 0.02504 -0.00030 0.01124 
2.99879 0.02506 -0.00030 0.01123 
2.99878 0.02508 -0.00029 0.01121 
2.99878 0.02510 -0.00029 0.01119 
2.99878 0.02513 -0.00029 0.01118 
2.99878 0.02515 -0.00029 0.01116 
2.99878 0.02517 -0.00029 0.01115 
2.99878 0.02519 -0.00028 0.01113 
2.99878 0.02522 -0.00028 0.01111 
2.99878 0.02524 -0.00028 0.01110 
2.99878 0.02526 -0.00028 0.01108 
2.99878 0.02528 -0.00028 0.01107 
2.99878 0.02530 -0.00027 0.01105 
2.99878 0.02533 -0.00027 0.01104 
2.99878 0.02535 -0.00027 0.01102 
2.99878 0.02537 -0.00027 0.01101 
2.99878 0.02539 -0.00027 0.01099 
2.99878 0.02542 -0.00026 0.01098 
2.99878 0.02544 -0.00026 0.01096 
2.99878 0.02546 -0.00026 0.01094 
2.99877 0.02548 -0.00026 0.01093 
2.99877 0.02550 -0.00026 0.01091 
2.99877 0.02552 -0.00025 0.01090 
2.99877 0.02555 -0.00025 0.01088 
2.99877 0.02557 -0.00025 0.01087 
2.99877 0.02559 -0.00025 0.01085 
2.99877 0.02561 -0.00025 0.01084 
2.99877 0.02563 -0.00025 0.01082 
2.99877 0.02565 -0.00024 0.01081 
2.99877 0.02568 -0.00024 0.01080 
2.99877 0.02570 -0.00024 0.01078 
2.99877 0.02572 -0.00024 0.01077 
2.99877 0.02574 -0.00024 0.01075 
2.99877 0.02576 -0.00023 0.01074 
2.99877 0.02578 -0.00023 0.01072 
2.99877 0.02581 -0.00023 0.01071 
2.99877 0.02583 -0.00023 0.01069 
2.99877 0.02585 -0.00023 0.01068 
2.99877 0.02587 -0.00022 0.01066 
2.99877 0.02589 -0.00022 0.01065 
2.99877 0.02591 -0.00022 0.01064 
2.99876 0.02593 -0.00022 0.01062 
2.99876 0.02595 -0.00022 0.01061 
2.99876 0.02598 -0.00022 0.01059 
2.99876 0.02600 -0.00021 0.01058 
2.99876 0.02602 -0.00021 0.01056 
2.99876 0.02604 -0.00021 0.01055 
2.99876 0.02606 -0.00021 0.01054 
2.99876 0.02608 -0.00021 0.01052 
2.99876 0.02610 -0.00020 0.01051 
2.99876 0.02612 -0.00020 0.01049 
2.99876 0.02614 -0.00020 0.01048 
2.99876 0.02616 -0.00020 0.01047 
2.99876 0.02619 -0.00020 0.01045 
2.99876 0.02621 -0.00019 0.01044 
2.99876 0.02623 -0.00019 0.01042 
2.99876 0.02625 -0.00019 0.01041 
2.99876 0.02627 -0.00019 0.01040 
2.99876 0.02629 -0.00019 0.01038 
2.99876 0.02631 -0.00019 0.01037 
2.99876 0.02633 -0.00018 0.01036 
2.99876 0.02635 -0.00018 0.01034 
2.99876 0.02637 -0.00018 0.01033 
2.99876 0.02639 -0.00018 0.01032 
2.99876 0.02641 -0.00018 0.01030 
2.99876 0.02643 -0.00017 0.01029 
2.99876 0.02646 -0.00017 0.01028 
2.99875 0.02648 -0.00017 0.01026 
2.99875 0.02650 -0.00017 0.01025 
2.99875 0.02652 -0.00017 0.01024 
2.99875 0.02654 -0.00017 0.01022 
2.99875 0.02656 -0.00016 0.01021 
2.99875 0.02658 -0.00016 0.01020 
2.99875 0.02660 -0.00016 0.01018 
2.99875 0.02662 -0.00016 0.01017 
2.99875 0.02664 -0.00016 0.01016 
2.99875 0.02666 -0.00015 0.01014 
2.99875 0.02668 -0.00015 0.01013 
2.99875 0.02670 -0.00015 0.01012 
2.99875 0.02672 -0.00015 0.01011 
2.99875 0.02674 -0.00015 0.01009 
2.99875 0.02676 -0.00015 0.01008 
2.99875 0.02678 -0.00014 0.01007 
2.99875 0.02680 -0.00014 0.01005 
2.99875 0.02682 -0.00014 0.01004 
2.99875 0.02684 -0.00014 0.01003 
2.99875 0.02686 -0.00014 0.01002 
2.99875 0.02688 -0.00013 0.01000 
2.99875 0.02690 -0.00013 0.00999 
2.99875 0.02692 -0.00013 0.00998 
2.99875 0.02694 -0.00013 0.00997 
2.99875 0.02696 -0.00013 0.00995 
2.99875 0.02698 -0.00013 0.00994 
2.99875 0.02700 -0.00012 0.00993 
2.99875 0.02702 -0.00012 0.00992 
2.99875 0.02704 -0.00012 0.00990 
2.99875 0.02706 -0.00012 0.00989 
2.99875 0.02708 -0.00012 0.00988 
2.99875 0.02710 -0.00011 0.00987 
2.99875 0.02712 -0.00011 0.00985 
2.99875 0.02714 -0.00011 0.00984 
2.99875 0.02716 -0.00011 0.00983 
2.99875 0.02718 -0.00011 0.00982 
2.99874 0.02720 -0.00011 0.00980 
2.99874 0.02722 -0.00010 0.00979 
2.99874 0.02724 -0.00010 0.00978 
2.99874 0.02726 -0.00010 0.00977 
2.99874 0.02728 -0.00010 0.00976 
2.99874 0.02730 -0.00010 0.00974 
2.99874 0.02731 -0.00009 0.00973 
2.99874 0.02733 -0.00009 0.00972 
2.99874 0.02735 -0.00009 0.00971 
2.99874 0.02737 -0.00009 0.00970 
2.99874 0.02739 -0.00009 0.00968 
2.99874 0.02741 -0.00009 0.00967 
2.99874 0.02743 -0.00008 0.00966 
2.99874 0.02745 -0.00008 0.00965 
2.99874 0.02747 -0.00008 0.00964 
2.99874 0.02749 -0.00008 0.00963 
2.99874 0.02751 -0.00008 0.00961 
2.99874 0.02753 -0.00008 0.00960 
2.99874 0.02755 -0.00007 0.00959 
2.99874 0.02757 -0.00007 0.00958 
2.99874 0.02758 -0.00007 0.00957 
2.99874 0.02760 -0.00007 0.00956 
2.99874 0.02762 -0.00007 0.00954 
2.99874 0.02764 -0.00006 0.00953 
2.99874 0.02766 -0.00006 0.00952 
2.99874 0.02768 -0.00006 0.00951 
2.99874 0.02770 -0.00006 0.00950 
2.99874 0.02772 -0.00006 0.00949 
2.99874 0.02774 -0.00006 0.00947 
2.99874 0.02776 -0.00005 0.00946 
2.99874 0.02777 -0.00005 0.00945 
2.99874 0.02779 -0.00005 0.00944 
2.99874 0.02781 -0.00005 0.00943 
2.99874 0.02783 -0.00005 0.00942 
2.99874 0.02785 -0.00005 0.00941 
2.99874 0.02787 -0.00004 0.00940 
2.99874 0.02789 -0.00004 0.00938 
2.99874 0.02791 -0.00004 0.00937 
2.99874 0.02793 -0.00004 0.00936 
2.99874 0.02794 -0.00004 0.00935 
2.99874 0.02796 -0.00003 0.00934 
2.99874 0.02798 -0.00003 0.00933 
2.99874 0.02800 -0.00003 0.00932 
2.99874 0.02802 -0.00003 0.00931 
2.99874 0.02804 -0.00003 0.00930 
2.99874 0.02806 -0.00003 0.00928 
2.99874 0.02807 -0.00002 0.00927 
2.99874 0.02809 -0.00002 0.00926 
2.99874 0.02811 -0.00002 0.00925 
2.99874 0.02813 -0.00002 0.00924 
2.99874 0.02815 -0.00002 0.00923 
2.99874 0.02817 -0.00002 0.00922 
2.99874 0.02819 -0.00001 0.00921 
2.99874 0.02820 -0.00001 0.00920 
2.99874 0.02822 -0.00001 0.00919 
2.99874 0.02824 -0.00001 0.00918 
2.99874 0.02826 -0.00001 0.00917 
2.99874 0.02828 -0.00001 0.00915 
2.99874 0.02830 -0.00000 0.00914 
2.99874 0.02831 -0.00000 0.00913 
2.99874 0.02833 -0.00000 0.00912 
2.99874 0.02835 0.00000 0.00911 
2.99874 0.02837 0.00000 0.00910 
2.99874 0.02839 0.00000 0.00909 
2.99874 0.02840 0.00001 0.00908 
2.99874 0.02842 0.00001 0.00907 
2.99874 0.02844 0.00001 0.00906 
2.99874 0.02846 0.00001 0.00905 
2.99874 0.02848 0.00001 0.00904 
2.99874 0.02850 0.00002 0.00903 
2.99874 0.02851 0.00002 0.00902 
2.99874 0.02853 0.00002 0.00901 
2.99874 0.02855 0.00002 0.00900 
2.99874 0.02857 0.00002 0.00899 
2.99874 0.02859 0.00002 0.00898 
2.99874 0.02860 0.00003 0.00897 
2.99874 0.02862 0.00003 0.00896 
2.99874 0.02864 0.00003 0.00895 
2.99874 0.02866 0.00003 0.00894 
2.99874 0.02867 0.00003 0.00893 
2.99874 0.02869 0.00003 0.00892 
2.99874 0.02871 0.00004 0.00891 
2.99874 0.02873 0.00004 0.00889 
2.99874 0.02875 0.00004 0.00888 
2.99874 0.02876 0.00004 0.00887 
2.99874 0.02878 0.00004 0.00886 
2.99874 0.02880 0.00004 0.00885 
2.99874 0.02882 0.00005 0.00884 
2.99874 0.02883 0.00005 0.00883 
2.99874 0.02885 0.00005 0.00882 
2.99874 0.02887 0.00005 0.00881 
2.99874 0.02889 0.00005 0.00880 
2.99874 0.02890 0.00005 0.00879 
2.99874 0.02892 0.00006 0.00878 
2.99874 0.02894 0.00006 0.00877 
2.99874 0.02896 0.00006 0.00877 
2.99874 0.02898 0.00006 0.00876 
2.99874 0.02899 0.00006 0.00875 
2.99874 0.02901 0.00006 0.00874 
2.99874 0.02903 0.00007 0.00873 
2.99874 0.02904 0.00007 0.00872 
2.99874 0.02906 0.00007 0.00871 
2.99874 0.02908 0.00007 0.00870 
2.99874 0.02910 0.00007 0.00869 
2.99874 0.02911 0.00007 0.00868 
2.99874 0.02913 0.00008 0.00867 
2.99874 0.02915 0.00008 0.00866 
2.99874 0.02917 0.00008 0.00865 
2.99874 0.02918 0.00008 0.00864 
2.99874 0.02920 0.00008 0.00863 
2.99874 0.02922 0.00008 0.00862 
2.99874 0.02924 0.00009 0.00861 
2.99874 0.02925 0.00009 0.00860 
2.99874 0.02927 0.00009 0.00859 
2.99874 0.02929 0.00009 0.00858 
2.99874 0.02930 0.00009 0.00857 
2.99874 0.02932 0.00009 0.00856 
2.99874 0.02934 0.00010 0.00855 
2.99874 0.02936 0.00010 0.00854 
2.99875 0.02937 0.00010 0.00853 
2.99875 0.02939 0.00010 0.00852 
2.99875 0.02941 0.00010 0.00852 
2.99875 0.02942 0.00010 0.00851 
2.99875 0.02944 0.00011 0.00850 
2.99875 0.02946 0.00011 0.00849 
2.99875 0.02947 0.00011 0.00848 
2.99875 0.02949 0.00011 0.00847 
2.99875 0.02951 0.00011 0.00846 
2.99875 0.02953 0.00011 0.00845 
2.99875 0.02954 0.00012 0.00844 
2.99875 0.02956 0.00012 0.00843 
2.99875 0.02958 0.00012 0.00842 
2.99875 0.02959 0.00012 0.00841 
2.99875 0.02961 0.00012 0.00840 
2.99875 0.02963 0.00012 0.00840 
2.99875 0.02964 0.00013 0.00839 
2.99875 0.02966 0.00013 0.00838 
2.99875 0.02968 0.00013 0.00837 
2.99875 0.02969 0.00013 0.00836 
2.99875 0.02971 0.00013 0.00835 
2.99875 0.02973 0.00013 0.00834 
2.99875 0.02974 0.00014 0.00833 
2.99875 0.02976 0.00014 0.00832 
2.99875 0.02978 0.00014 0.00831 
2.99875 0.02979 0.00014 0.00830 
2.99875 0.02981 0.00014 0.00830 
2.99875 0.02983 0.00014 0.00829 
2.99875 0.02984 0.00015 0.00828 
2.99875 0.02986 0.00015 0.00827 
2.99875 0.02988 0.00015 0.00826 
2.99875 0.02989 0.00015 0.00825 
2.99875 0.02991 0.00015 0.00824 
2.99875 0.02993 0.00015 0.00823 
2.99875 0.02994 0.00016 0.00822 
2.99875 0.02996 0.00016 0.00822 
2.99875 0.02997 0.00016 0.00821 
2.99875 0.02999 0.00016 0.00820 
2.99876 0.03001 0.00016 0.00819 
2.99876 0.03002 0.00016 0.00818 
2.99876 0.03004 0.00017 0.00817 
2.99876 0.03006 0.00017 0.00816 
2.99876 0.03007 0.00017 0.00815 
2.99876 0.03009 0.00017 0.00815 
2.99876 0.03011 0.00017 0.00814 
2.99876 0.03012 0.00017 0.00813 
2.99876 0.03014 0.00018 0.00812 
2.99876 0.03015 0.00018 0.00811 
2.99876 0.03017 0.00018 0.00810 
2.99876 0.03019 0.00018 0.00809 
2.99876 0.03020 0.00018 0.00809 
2.99876 0.03022 0.00018 0.00808 
2.99876 0.03023 0.00019 0.00807 
2.99876 0.03025 0.00019 0.00806 
2.99876 0.03027 0.00019 0.00805 
2.99876 0.03028 0.00019 0.00804 
2.99876 0.03030 0.00019 0.00803 
2.99876 0.03032 0.00019 0.00803 
2.99876 0.03033 0.00019 0.00802 
2.99876 0.03035 0.00020 0.00801 
2.99876 0.03036 0.00020 0.00800 
2.99876 0.03038 0.00020 0.00799 
2.99876 0.03040 0.00020 0.00798 
2.99876 0.03041 0.00020 0.00798 
2.99876 0.03043 0.00020 0.00797 
2.99877 0.03044 0.00021 0.00796 
2.99877 0.03046 0.00021 0.00795 
2.99877 0.03047 0.00021 0.00794 
2.99877 0.03049 0.00021 0.00793 
2.99877 0.03051 0.00021 0.00793 
2.99877 0.03052 0.00021 0.00792 
2.99877 0.03054 0.00022 0.00791 
2.99877 0.03055 0.00022 0.00790 
2.99877 0.03057 0.00022 0.00789 
2.99877 0.03059 0.00022 0.00789 
2.99877 0.03060 0.00022 0.00788 
2.99877 0.03062 0.00022 0.00787 
2.99877 0.03063 0.00023 0.00786 
2.99877 0.03065 0.00023 0.00785 
2.99877 0.03066 0.00023 0.00784 
2.99877 0.03068 0.00023 0.00784 
2.99877 0.03070 0.00023 0.00783 
2.99877 0.03071 0.00023 0.00782 
2.99877 0.03073 0.00024 0.00781 
2.99877 0.03074 0.00024 0.00780 
2.99877 0.03076 0.00024 0.00780 
2.99877 0.03077 0.00024 0.00779 
2.99878 0.03079 0.00024 0.00778 
2.99878 0.03080 0.00024 0.00777 
2.99878 0.03082 0.00024 0.00776 
2.99878 0.03084 0.00025 0.00776 
2.99878 0.03085 0.00025 0.00775 
2.99878 0.03087 0.00025 0.00774 
2.99878 0.03088 0.00025 0.00773 
2.99878 0.03090 0.00025 0.00772 
2.99878 0.03091 0.00025 0.00772 
2.99878 0.03093 0.00026 0.00771 
2.99878 0.03094 0.00026 0.00770 
2.99878 0.03096 0.00026 0.00769 
2.99878 0.03097 0.00026 0.00768 
2.99878 0.03099 0.00026 0.00768 
2.99878 0.03101 0.00026 0.00767 
2.99878 0.03102 0.00027 0.00766 
2.99878 0.03104 0.00027 0.00765 
2.99878 0.03105 0.00027 0.00765 
2.99878 0.03107 0.00027 0.00764 
2.99879 0.03108 0.00027 0.00763 
2.99879 0.03110 0.00027 0.00762 
2.99879 0.03111 0.00027 0.00761 
2.99879 0.03113 0.00028 0.00761 
2.99879 0.03114 0.00028 0.00760 
2.99879 0.03116 0.00028 0.00759 
2.99879 0.03117 0.00028 0.00758 
2.99879 0.03119 0.00028 0.00758 
2.99879 0.03120 0.00028 0.00757 
2.99879 0.03122 0.00029 0.00756 
2.99879 0.03123 0.00029 0.00755 
2.99879 0.03125 0.00029 0.00755 
2.99879 0.03126 0.00029 0.00754 
2.99879 0.03128 0.00029 0.00753 
2.99879 0.03129 0.00029 0.00752 
2.99879 0.03131 0.00030 0.00752 
2.99879 0.03132 0.00030 0.00751 
2.99879 0.03134 0.00030 0.00750 
2.99880 0.03135 0.00030 0.00749 
2.99880 0.03137 0.00030 0.00749 
2.99880 0.03138 0.00030 0.00748 
2.99880 0.03140 0.00030 0.00747 
2.99880 0.03141 0.00031 0.00746 
2.99880 0.03143 0.00031 0.00746 
2.99880 0.03144 0.00031 0.00745 
2.99880 0.03146 0.00031 0.00744 
2.99880 0.03147 0.00031 0.00743 
2.99880 0.03149 0.00031 0.00743 
2.99880 0.03150 0.00032 0.00742 
2.99880 0.03152 0.00032 0.00741 
2.99880 0.03153 0.00032 0.00740 
2.99880 0.03155 0.00032 0.00740 
2.99880 0.03156 0.00032 0.00739 
2.99880 0.03158 0.00032 0.00738 
2.99881 0.03159 0.00033 0.00737 
2.99881 0.03161 0.00033 0.00737 
2.99881 0.03162 0.00033 0.00736 
2.99881 0.03164 0.00033 0.00735 
2.99881 0.03165 0.00033 0.00734 
2.99881 0.03167 0.00033 0.00734 
2.99881 0.03168 0.00033 0.00733 
2.99881 0.03169 0.00034 0.00732 
2.99881 0.03171 0.00034 0.00732 
2.99881 0.03172 0.00034 0.00731 
2.99881 0.03174 0.00034 0.00730 
2.99881 0.03175 0.00034 0.00729 
2.99881 0.03177 0.00034 0.00729 
2.99881 0.03178 0.00035 0.00728 
2.99881 0.03180 0.00035 0.00727 
2.99882 0.03181 0.00035 0.00727 
2.99882 0.03183 0.00035 0.00726 
2.99882 0.03184 0.00035 0.00725 
2.99882 0.03185 0.00035 0.00724 
2.99882 0.03187 0.00035 0.00724 
2.99882 0.03188 0.00036 0.00723 
2.99882 0.03190 0.00036 0.00722 
2.99882 0.03191 0.00036 0.00722 
2.99882 0.03193 0.00036 0.00721 
2.99882 0.03194 0.00036 0.00720 
2.99882 0.03196 0.00036 0.00719 
2.99882 0.03197 0.00037 0.00719 
2.99882 0.03198 0.00037 0.00718 
2.99883 0.03200 0.00037 0.00717 
2.99883 0.03201 0.00037 0.00717 
2.99883 0.03203 0.00037 0.00716 
2.99883 0.03204 0.00037 0.00715 
2.99883 0.03206 0.00037 0.00715 
2.99883 0.03207 0.00038 0.00714 
2.99883 0.03208 0.00038 0.00713 
2.99883 0.03210 0.00038 0.00712 
2.99883 0.03211 0.00038 0.00712 
2.99883 0.03213 0.00038 0.00711 
2.99883 0.03214 0.00038 0.00710 
2.99883 0.03216 0.00039 0.00710 
2.99883 0.03217 0.00039 0.00709 
2.99883 0.03218 0.00039 0.00708 
2.99884 0.03220 0.00039 0.00708 
2.99884 0.03221 0.00039 0.00707 
2.99884 0.03223 0.00039 0.00706 
2.99884 0.03224 0.00039 0.00706 
2.99884 0.03225 0.00040 0.00705 
2.99884 0.03227 0.00040 0.00704 
2.99884 0.03228 0.00040 0.00704 
2.99884 0.03230 0.00040 0.00703 
2.99884 0.03231 0.00040 0.00702 
2.99884 0.03232 0.00040 0.00701 
2.99884 0.03234 0.00041 0.00701 
2.99884 0.03235 0.00041 0.00700 
2.99885 0.03237 0.00041 0.00699 
2.99885 0.03238 0.00041 0.00699 
2.99885 0.03239 0.00041 0.00698 
2.99885 0.03241 0.00041 0.00697 
2.99885 0.03242 0.00041 0.00697 
2.99885 0.03244 0.00042 0.00696 
2.99885 0.03245 0.00042 0.00695 
2.99885 0.03246 0.00042 0.00695 
2.99885 0.03248 0.00042 0.00694 
2.99885 0.03249 0.00042 0.00693 
2.99885 0.03251 0.00042 0.00693 
2.99885 0.03252 0.00043 0.00692 
2.99886 0.03253 0.00043 0.00691 
2.99886 0.03255 0.00043 0.00691 
2.99886 0.03256 0.00043 0.00690 
2.99886 0.03257 0.00043 0.00689 
2.99886 0.03259 0.00043 0.00689 
2.99886 0.03260 0.00043 0.00688 
2.99886 0.03262 0.00044 0.00687 
2.99886 0.03263 0.00044 0.00687 
2.99886 0.03264 0.00044 0.00686 
2.99886 0.03266 0.00044 0.00686 
2.99886 0.03267 0.00044 0.00685 
2.99887 0.03268 0.00044 0.00684 
2.99887 0.03270 0.00045 0.00684 
2.99887 0.03271 0.00045 0.00683 
2.99887 0.03273 0.00045 0.00682 
2.99887 0.03274 0.00045 0.00682 
2.99887 0.03275 0.00045 0.00681 
2.99887 0.03277 0.00045 0.00680 
2.99887 0.03278 0.00045 0.00680 
2.99887 0.03279 0.00046 0.00679 
2.99887 0.03281 0.00046 0.00678 
2.99887 0.03282 0.00046 0.00678 
2.99888 0.03283 0.00046 0.00677 
2.99888 0.03285 0.00046 0.00676 
2.99888 0.03286 0.00046 0.00676 
2.99888 0.03287 0.00047 0.00675 
2.99888 0.03289 0.00047 0.00675 
2.99888 0.03290 0.00047 0.00674 
2.99888 0.03292 0.00047 0.00673 
2.99888 0.03293 0.00047 0.00673 
2.99888 0.03294 0.00047 0.00672 
2.99888 0.03296 0.00047 0.00671 
2.99888 0.03297 0.00048 0.00671 
2.99889 0.03298 0.00048 0.00670 
2.99889 0.03300 0.00048 0.00669 
2.99889 0.03301 0.00048 0.00669 
2.99889 0.03302 0.00048 0.00668 
2.99889 0.03304 0.00048 0.00668 
2.99889 0.03305 0.00048 0.00667 
2.99889 0.03306 0.00049 0.00666 
2.99889 0.03308 0.00049 0.00666 
2.99889 0.03309 0.00049 0.00665 
2.99889 0.03310 0.00049 0.00664 
2.99890 0.03312 0.00049 0.00664 
2.99890 0.03313 0.00049 0.00663 
2.99890 0.03314 0.00050 0.00663 
2.99890 0.03316 0.00050 0.00662 
2.99890 0.03317 0.00050 0.00661 
2.99890 0.03318 0.00050 0.00661 
2.99890 0.03319 0.00050 0.00660 
2.99890 0.03321 0.00050 0.00660 
2.99890 0.03322 0.00050 0.00659 
2.99890 0.03323 0.00051 0.00658 
2.99891 0.03325 0.00051 0.00658 
2.99891 0.03326 0.00051 0.00657 
2.99891 0.03327 0.00051 0.00656 
2.99891 0.03329 0.00051 0.00656 
2.99891 0.03330 0.00051 0.00655 
2.99891 0.03331 0.00052 0.00655 
2.99891 0.03333 0.00052 0.00654 
2.99891 0.03334 0.00052 0.00653 
2.99891 0.03335 0.00052 0.00653 
2.99891 0.03337 0.00052 0.00652 
2.99892 0.03338 0.00052 0.00652 
2.99892 0.03339 0.00052 0.00651 
2.99892 0.03340 0.00053 0.00650 
2.99892 0.03342 0.00053 0.00650 
2.99892 0.03343 0.00053 0.00649 
2.99892 0.03344 0.00053 0.00649 
2.99892 0.03346 0.00053 0.00648 
2.99892 0.03347 0.00053 0.00647 
2.99892 0.03348 0.00053 0.00647 
2.99893 0.03350 0.00054 0.00646 
2.99893 0.03351 0.00054 0.00646 
2.99893 0.03352 0.00054 0.00645 
2.99893 0.03353 0.00054 0.00644 
2.99893 0.03355 0.00054 0.00644 
2.99893 0.03356 0.00054 0.00643 
2.99893 0.03357 0.00054 0.00643 
2.99893 0.03359 0.00055 0.00642 
2.99893 0.03360 0.00055 0.00641 
2.99894 0.03361 0.00055 0.00641 
2.99894 0.03362 0.00055 0.00640 
2.99894 0.03364 0.00055 0.00640 
2.99894 0.03365 0.00055 0.00639 
2.99894 0.03366 0.00056 0.00638 
2.99894 0.03367 0.00056 0.00638 
2.99894 0.03369 0.00056 0.00637 
2.99894 0.03370 0.00056 0.00637 
2.99894 0.03371 0.00056 0.00636 
2.99895 0.03373 0.00056 0.00636 
2.99895 0.03374 0.00056 0.00635 
2.99895 0.03375 0.00057 0.00634 
2.99895 0.03376 0.00057 0.00634 
2.99895 0.03378 0.00057 0.00633 
2.99895 0.03379 0.00057 0.00633 
2.99895 0.03380 0.00057 0.00632 
2.99895 0.03381 0.00057 0.00631 
2.99895 0.03383 0.00057 0.00631 
2.99896 0.03384 0.00058 0.00630 
2.99896 0.03385 0.00058 0.00630 
2.99896 0.03386 0.00058 0.00629 
2.99896 0.03388 0.00058 0.00629 
2.99896 0.03389 0.00058 0.00628 
2.99896 0.03390 0.00058 0.00627 
2.99896 0.03391 0.00059 0.00627 
2.99896 0.03393 0.00059 0.00626 
2.99896 0.03394 0.00059 0.00626 
2.99897 0.03395 0.00059 0.00625 
2.99897 0.03396 0.00059 0.00625 
2.99897 0.03398 0.00059 0.00624 
2.99897 0.03399 0.00059 0.00623 
2.99897 0.03400 0.00060 0.00623 
2.99897 0.03401 0.00060 0.00622 
2.99897 0.03403 0.00060 0.00622 
2.99897 0.03404 0.00060 0.00621 
2.99898 0.03405 0.00060 0.00621 
2.99898 0.03406 0.00060 0.00620 
2.99898 0.03408 0.00060 0.00620 
2.99898 0.03409 0.00061 0.00619 
2.99898 0.03410 0.00061 0.00618 
2.99898 0.03411 0.00061 0.00618 
2.99898 0.03413 0.00061 0.00617 
2.99898 0.03414 0.00061 0.00617 
2.99899 0.03415 0.00061 0.00616 
2.99899 0.03416 0.00061 0.00616 
2.99899 0.03418 0.00062 0.00615 
2.99899 0.03419 0.00062 0.00614 
2.99899 0.03420 0.00062 0.00614 
2.99899 0.03421 0.00062 0.00613 
2.99899 0.03422 0.00062 0.00613 
2.99899 0.03424 0.00062 0.00612 
2.99900 0.03425 0.00063 0.00612 
2.99900 0.03426 0.00063 0.00611 
2.99900 0.03427 0.00063 0.00611 
2.99900 0.03429 0.00063 0.00610 
2.99900 0.03430 0.00063 0.00610 
2.99900 0.03431 0.00063 0.00609 
2.99900 0.03432 0.00063 0.00608 
2.99900 0.03433 0.00064 0.00608 
2.99901 0.03435 0.00064 0.00607 
2.99901 0.03436 0.00064 0.00607 
2.99901 0.03437 0.00064 0.00606 
2.99901 0.03438 0.00064 0.00606 
2.99901 0.03439 0.00064 0.00605 
2.99901 0.03441 0.00064 0.00605 
2.99901 0.03442 0.00065 0.00604 
2.99901 0.03443 0.00065 0.00604 
2.99902 0.03444 0.00065 0.00603 
2.99902 0.03446 0.00065 0.00602 
2.99902 0.03447 0.00065 0.00602 
2.99902 0.03448 0.00065 0.00601 
2.99902 0.03449 0.00065 0.00601 
2.99902 0.03450 0.00066 0.00600 
2.99902 0.03452 0.00066 0.00600 
2.99903 0.03453 0.00066 0.00599 
2.99903 0.03454 0.00066 0.00599 
2.99903 0.03455 0.00066 0.00598 
2.99903 0.03456 0.00066 0.00598 
2.99903 0.03457 0.00066 0.00597 
2.99903 0.03459 0.00067 0.00597 
2.99903 0.03460 0.00067 0.00596 
2.99903 0.03461 0.00067 0.00595 
2.99904 0.03462 0.00067 0.00595 
2.99904 0.03463 0.00067 0.00594 
2.99904 0.03465 0.00067 0.00594 
2.99904 0.03466 0.00068 0.00593 
2.99904 0.03467 0.00068 0.00593 
2.99904 0.03468 0.00068 0.00592 
2.99904 0.03469 0.00068 0.00592 
2.99905 0.03471 0.00068 0.00591 
2.99905 0.03472 0.00068 0.00591 
2.99905 0.03473 0.00068 0.00590 
2.99905 0.03474 0.00069 0.00590 
2.99905 0.03475 0.00069 0.00589 
2.99905 0.03476 0.00069 0.00589 
2.99905 0.03478 0.00069 0.00588 
2.99905 0.03479 0.00069 0.00588 
2.99906 0.03480 0.00069 0.00587 
2.99906 0.03481 0.00069 0.00587 
2.99906 0.03482 0.00070 0.00586 
2.99906 0.03483 0.00070 0.00586 
2.99906 0.03485 0.00070 0.00585 
2.99906 0.03486 0.00070 0.00584 
2.99906 0.03487 0.00070 0.00584 
2.99907 0.03488 0.00070 0.00583 
2.99907 0.03489 0.00070 0.00583 
2.99907 0.03490 0.00071 0.00582 
2.99907 0.03492 0.00071 0.00582 
2.99907 0.03493 0.00071 0.00581 
2.99907 0.03494 0.00071 0.00581 
2.99907 0.03495 0.00071 0.00580 
2.99908 0.03496 0.00071 0.00580 
2.99908 0.03497 0.00071 0.00579 
2.99908 0.03499 0.00072 0.00579 
2.99908 0.03500 0.00072 0.00578 
2.99908 0.03501 0.00072 0.00578 
2.99908 0.03502 0.00072 0.00577 
2.99908 0.03503 0.00072 0.00577 
2.99909 0.03504 0.00072 0.00576 
2.99909 0.03506 0.00072 0.00576 
2.99909 0.03507 0.00073 0.00575 
2.99909 0.03508 0.00073 0.00575 
2.99909 0.03509 0.00073 0.00574 
2.99909 0.03510 0.00073 0.00574 
2.99909 0.03511 0.00073 0.00573 
2.99910 0.03512 0.00073 0.00573 
2.99910 0.03514 0.00073 0.00572 
2.99910 0.03515 0.00074 0.00572 
2.99910 0.03516 0.00074 0.00571 
2.99910 0.03517 0.00074 0.00571 
2.99910 0.03518 0.00074 0.00570 
2.99911 0.03519 0.00074 0.00570 
2.99911 0.03520 0.00074 0.00569 
2.99911 0.03522 0.00075 0.00569 
2.99911 0.03523 0.00075 0.00568 
2.99911 0.03524 0.00075 0.00568 
2.99911 0.03525 0.00075 0.00567 
2.99911 0.03526 0.00075 0.00567 
2.99912 0.03527 0.00075 0.00566 
2.99912 0.03528 0.00075 0.00566 
2.99912 0.03529 0.00076 0.00565 
2.99912 0.03531 0.00076 0.00565 
2.99912 0.03532 0.00076 0.00564 
2.99912 0.03533 0.00076 0.00564 
2.99912 0.03534 0.00076 0.00563 
2.99913 0.03535 0.00076 0.00563 
2.99913 0.03536 0.00076 0.00562 
2.99913 0.03537 0.00077 0.00562 
2.99913 0.03538 0.00077 0.00561 
2.99913 0.03540 0.00077 0.00561 
2.99913 0.03541 0.00077 0.00560 
2.99914 0.03542 0.00077 0.00560 
2.99914 0.03543 0.00077 0.00559 
2.99914 0.03544 0.00077 0.00559 
2.99914 0.03545 0.00078 0.00558 
2.99914 0.03546 0.00078 0.00558 
2.99914 0.03547 0.00078 0.00557 
2.99915 0.03549 0.00078 0.00557 
2.99915 0.03550 0.00078 0.00556 
2.99915 0.03551 0.00078 0.00556 
2.99915 0.03552 0.00078 0.00555 
2.99915 0.03553 0.00079 0.00555 
2.99915 0.03554 0.00079 0.00554 
2.99915 0.03555 0.00079 0.00554 
2.99916 0.03556 0.00079 0.00554 
2.99916 0.03557 0.00079 0.00553 
2.99916 0.03558 0.00079 0.00553 
2.99916 0.03560 0.00079 0.00552 
2.99916 0.03561 0.00080 0.00552 
2.99916 0.03562 0.00080 0.00551 
2.99917 0.03563 0.00080 0.00551 
2.99917 0.03564 0.00080 0.00550 
2.99917 0.03565 0.00080 0.00550 
2.99917 0.03566 0.00080 0.00549 
2.99917 0.03567 0.00080 0.00549 
2.99917 0.03568 0.00081 0.00548 
2.99918 0.03569 0.00081 0.00548 
2.99918 0.03571 0.00081 0.00547 
2.99918 0.03572 0.00081 0.00547 
2.99918 0.03573 0.00081 0.00546 
2.99918 0.03574 0.00081 0.00546 
2.99918 0.03575 0.00081 0.00545 
2.99919 0.03576 0.00082 0.00545 
2.99919 0.03577 0.00082 0.00544 
2.99919 0.03578 0.00082 0.00544 
2.99919 0.03579 0.00082 0.00544 
2.99919 0.03580 0.00082 0.00543 
2.99919 0.03581 0.00082 0.00543 
2.99919 0.03583 0.00082 0.00542 
2.99920 0.03584 0.00083 0.00542 
2.99920 0.03585 0.00083 0.00541 
2.99920 0.03586 0.00083 0.00541 
2.99920 0.03587 0.00083 0.00540 
2.99920 0.03588 0.00083 0.00540 
2.99920 0.03589 0.00083 0.00539 
2.99921 0.03590 0.00083 0.00539 
2.99921 0.03591 0.00084 0.00538 
2.99921 0.03592 0.00084 0.00538 
2.99921 0.03593 0.00084 0.00537 
2.99921 0.03594 0.00084 0.00537 
2.99922 0.03595 0.00084 0.00537 
2.99922 0.03597 0.00084 0.00536 
2.99922 0.03598 0.00084 0.00536 
2.99922 0.03599 0.00085 0.00535 
2.99922 0.03600 0.00085 0.00535 
2.99922 0.03601 0.00085 0.00534 
2.99923 0.03602 0.00085 0.00534 
2.99923 0.03603 0.00085 0.00533 
2.99923 0.03604 0.00085 0.00533 
2.99923 0.03605 0.00085 0.00532 
2.99923 0.03606 0.00086 0.00532 
2.99923 0.03607 0.00086 0.00532 
2.99924 0.03608 0.00086 0.00531 
2.99924 0.03609 0.00086 0.00531 
2.99924 0.03610 0.00086 0.00530 
2.99924 0.03611 0.00086 0.00530 
2.99924 0.03612 0.00086 0.00529 
2.99924 0.03614 0.00087 0.00529 
2.99925 0.03615 0.00087 0.00528 
2.99925 0.03616 0.00087 0.00528 
2.99925 0.03617 0.00087 0.00527 
2.99925 0.03618 0.00087 0.00527 
2.99925 0.03619 0.00087 0.00527 
2.99925 0.03620 0.00087 0.00526 
2.99926 0.03621 0.00088 0.00526 
2.99926 0.03622 0.00088 0.00525 
2.99926 0.03623 0.00088 0.00525 
2.99926 0.03624 0.00088 0.00524 
2.99926 0.03625 0.00088 0.00524 
2.99927 0.03626 0.00088 0.00523 
2.99927 0.03627 0.00088 0.00523 
2.99927 0.03628 0.00089 0.00522 
2.99927 0.03629 0.00089 0.00522 
2.99927 0.03630 0.00089 0.00522 
2.99927 0.03631 0.00089 0.00521 
2.99928 0.03632 0.00089 0.00521 
2.99928 0.03633 0.00089 0.00520 
2.99928 0.03634 0.00090 0.00520 
2.99928 0.03636 0.00090 0.00519 
2.99928 0.03637 0.00090 0.00519 
2.99929 0.03638 0.00090 0.00518 
2.99929 0.03639 0.00090 0.00518 
2.99929 0.03640 0.00090 0.00518 
2.99929 0.03641 0.00090 0.00517 
2.99929 0.03642 0.00091 0.00517 
2.99929 0.03643 0.00091 0.00516 
2.99930 0.03644 0.00091 0.00516 
2.99930 0.03645 0.00091 0.00515 
2.99930 0.03646 0.00091 0.00515 
2.99930 0.03647 0.00091 0.00515 
2.99930 0.03648 0.00091 0.00514 
2.99931 0.03649 0.00092 0.00514 
2.99931 0.03650 0.00092 0.00513 
2.99931 0.03651 0.00092 0.00513 
2.99931 0.03652 0.00092 0.00512 
2.99931 0.03653 0.00092 0.00512 
2.99931 0.03654 0.00092 0.00511 
2.99932 0.03655 0.00092 0.00511 
2.99932 0.03656 0.00093 0.00511 
2.99932 0.03657 0.00093 0.00510 
2.99932 0.03658 0.00093 0.00510 
2.99932 0.03659 0.00093 0.00509 
2.99933 0.03660 0.00093 0.00509 
2.99933 0.03661 0.00093 0.00508 
2.99933 0.03662 0.00093 0.00508 
2.99933 0.03663 0.00094 0.00508 
2.99933 0.03664 0.00094 0.00507 
2.99933 0.03665 0.00094 0.00507 
2.99934 0.03666 0.00094 0.00506 
2.99934 0.03667 0.00094 0.00506 
2.99934 0.03668 0.00094 0.00505 
2.99934 0.03669 0.00094 0.00505 
2.99934 0.03670 0.00095 0.00505 
2.99935 0.03671 0.00095 0.00504 
2.99935 0.03672 0.00095 0.00504 
2.99935 0.03673 0.00095 0.00503 
2.99935 0.03674 0.00095 0.00503 
2.99935 0.03675 0.00095 0.00502 
2.99936 0.03676 0.00095 0.00502 
2.99936 0.03677 0.00096 0.00502 
2.99936 0.03678 0.00096 0.00501 
2.99936 0.03679 0.00096 0.00501 
2.99936 0.03680 0.00096 0.00500 
2.99937 0.03681 0.00096 0.00500 
2.99937 0.03682 0.00096 0.00499 
2.99937 0.03683 0.00096 0.00499 
2.99937 0.03684 0.00097 0.00499 
2.99937 0.03685 0.00097 0.00498 
2.99938 0.03686 0.00097 0.00498 
2.99938 0.03687 0.00097 0.00497 
2.99938 0.03688 0.00097 0.00497 
2.99938 0.03689 0.00097 0.00497 
2.99938 0.03690 0.00097 0.00496 
2.99938 0.03691 0.00098 0.00496 
2.99939 0.03692 0.00098 0.00495 
2.99939 0.03693 0.00098 0.00495 
2.99939 0.03694 0.00098 0.00494 
2.99939 0.03695 0.00098 0.00494 
2.99939 0.03696 0.00098 0.00494 
2.99940 0.03697 0.00098 0.00493 
2.99940 0.03698 0.00099 0.00493 
2.99940 0.03699 0.00099 0.00492 
2.99940 0.03700 0.00099 0.00492 
2.99940 0.03701 0.00099 0.00492 
2.99941 0.03702 0.00099 0.00491 
2.99941 0.03703 0.00099 0.00491 
2.99941 0.03704 0.00099 0.00490 
2.99941 0.03705 0.00100 0.00490 
2.99941 0.03706 0.00100 0.00489 
2.99942 0.03707 0.00100 0.00489 
2.99942 0.03708 0.00100 0.00489 
2.99942 0.03709 0.00100 0.00488 
2.99942 0.03710 0.00100 0.00488 
2.99942 0.03711 0.00100 0.00487 
2.99943 0.03712 0.00101 0.00487 
2.99943 0.03713 0.00101 0.00487 
2.99943 0.03714 0.00101 0.00486 
2.99943 0.03715 0.00101 0.00486 
2.99943 0.03716 0.00101 0.00485 
2.99944 0.03717 0.00101 0.00485 
2.99944 0.03718 0.00101 0.00485 
2.99944 0.03719 0.00101 0.00484 
2.99944 0.03720 0.00102 0.00484 
2.99944 0.03721 0.00102 0.00483 
2.99945 0.03722 0.00102 0.00483 
2.99945 0.03723 0.00102 0.00483 
2.99945 0.03723 0.00102 0.00482 
2.99945 0.03724 0.00102 0.00482 
2.99946 0.03725 0.00102 0.00481 
2.99946 0.03726 0.00103 0.00481 
2.99946 0.03727 0.00103 0.00481 
2.99946 0.03728 0.00103 0.00480 
2.99946 0.03729 0.00103 0.00480 
2.99947 0.03730 0.00103 0.00479 
2.99947 0.03731 0.00103 0.00479 
2.99947 0.03732 0.00103 0.00479 
2.99947 0.03733 0.00104 0.00478 
2.99947 0.03734 0.00104 0.00478 
2.99948 0.03735 0.00104 0.00477 
2.99948 0.03736 0.00104 0.00477 
2.99948 0.03737 0.00104 0.00477 
2.99948 0.03738 0.00104 0.00476 
2.99948 0.03739 0.00104 0.00476 
2.99949 0.03740 0.00105 0.00475 
2.99949 0.03741 0.00105 0.00475 
2.99949 0.03742 0.00105 0.00475 
2.99949 0.03743 0.00105 0.00474 
2.99949 0.03744 0.00105 0.00474 
2.99950 0.03744 0.00105 0.00473 
2.99950 0.03745 0.00105 0.00473 
2.99950 0.03746 0.00106 0.00473 
2.99950 0.03747 0.00106 0.00472 
2.99951 0.03748 0.00106 0.00472 
2.99951 0.03749 0.00106 0.00471 
2.99951 0.03750 0.00106 0.00471 
2.99951 0.03751 0.00106 0.00471 
2.99951 0.03752 0.00106 0.00470 
2.99952 0.03753 0.00107 0.00470 
2.99952 0.03754 0.00107 0.00469 
2.99952 0.03755 0.00107 0.00469 
2.99952 0.03756 0.00107 0.00469 
2.99952 0.03757 0.00107 0.00468 
2.99953 0.03758 0.00107 0.00468 
2.99953 0.03759 0.00107 0.00467 
2.99953 0.03759 0.00108 0.00467 
2.99953 0.03760 0.00108 0.00467 
2.99954 0.03761 0.00108 0.00466 
2.99954 0.03762 0.00108 0.00466 
2.99954 0.03763 0.00108 0.00466 
2.99954 0.03764 0.00108 0.00465 
2.99954 0.03765 0.00108 0.00465 
2.99955 0.03766 0.00109 0.00464 
2.99955 0.03767 0.00109 0.00464 
2.99955 0.03768 0.00109 0.00464 
2.99955 0.03769 0.00109 0.00463 
2.99956 0.03770 0.00109 0.00463 
2.99956 0.03771 0.00109 0.00462 
2.99956 0.03772 0.00109 0.00462 
2.99956 0.03772 0.00110 0.00462 
2.99956 0.03773 0.00110 0.00461 
2.99957 0.03774 0.00110 0.00461 
2.99957 0.03775 0.00110 0.00461 
2.99957 0.03776 0.00110 0.00460 
2.99957 0.03777 0.00110 0.00460 
2.99957 0.03778 0.00110 0.00459 
2.99958 0.03779 0.00111 0.00459 
2.99958 0.03780 0.00111 0.00459 
2.99958 0.03781 0.00111 0.00458 
2.99958 0.03782 0.00111 0.00458 
2.99959 0.03783 0.00111 0.00457 
2.99959 0.03783 0.00111 0.00457 
2.99959 0.03784 0.00111 0.00457 
2.99959 0.03785 0.00112 0.00456 
2.99959 0.03786 0.00112 0.00456 
2.99960 0.03787 0.00112 0.00456 
2.99960 0.03788 0.00112 0.00455 
2.99960 0.03789 0.00112 0.00455 
2.99960 0.03790 0.00112 0.00454 
2.99961 0.03791 0.00112 0.00454 
2.99961 0.03792 0.00113 0.00454 
2.99961 0.03793 0.00113 0.00453 
2.99961 0.03793 0.00113 0.00453 
2.99962 0.03794 0.00113 0.00453 
2.99962 0.03795 0.00113 0.00452 
2.99962 0.03796 0.00113 0.00452 
2.99962 0.03797 0.00113 0.00451 
2.99962 0.03798 0.00114 0.00451 
2.99963 0.03799 0.00114 0.00451 
2.99963 0.03800 0.00114 0.00450 
2.99963 0.03801 0.00114 0.00450 
2.99963 0.03802 0.00114 0.00450 
2.99964 0.03802 0.00114 0.00449 
2.99964 0.03803 0.00114 0.00449 
2.99964 0.03804 0.00115 0.00448 
2.99964 0.03805 0.00115 0.00448 
2.99965 0.03806 0.00115 0.00448 
2.99965 0.03807 0.00115 0.00447 
2.99965 0.03808 0.00115 0.00447 
2.99965 0.03809 0.00115 0.00447 
2.99965 0.03810 0.00115 0.00446 
2.99966 0.03810 0.00116 0.00446 
2.99966 0.03811 0.00116 0.00445 
2.99966 0.03812 0.00116 0.00445 
2.99966 0.03813 0.00116 0.00445 
2.99967 0.03814 0.00116 0.00444 
2.99967 0.03815 0.00116 0.00444 
2.99967 0.03816 0.00116 0.00444 
2.99967 0.03817 0.00117 0.00443 
2.99968 0.03818 0.00117 0.00443 
2.99968 0.03818 0.00117 0.00443 
2.99968 0.03819 0.00117 0.00442 
2.99968 0.03820 0.00117 0.00442 
2.99968 0.03821 0.00117 0.00441 
2.99969 0.03822 0.00117 0.00441 
2.99969 0.03823 0.00118 0.00441 
2.99969 0.03824 0.00118 0.00440 
2.99969 0.03825 0.00118 0.00440 
2.99970 0.03825 0.00118 0.00440 
2.99970 0.03826 0.00118 0.00439 
2.99970 0.03827 0.00118 0.00439 
2.99970 0.03828 0.00118 0.00439 
2.99971 0.03829 0.00119 0.00438 
2.99971 0.03830 0.00119 0.00438 
2.99971 0.03831 0.00119 0.00437 
2.99971 0.03832 0.00119 0.00437 
2.99972 0.03832 0.00119 0.00437 
2.99972 0.03833 0.00119 0.00436 
2.99972 0.03834 0.00119 0.00436 
2.99972 0.03835 0.00120 0.00436 
2.99973 0.03836 0.00120 0.00435 
2.99973 0.03837 0.00120 0.00435 
2.99973 0.03838 0.00120 0.00435 
2.99973 0.03839 0.00120 0.00434 
2.99973 0.03839 0.00120 0.00434 
2.99974 0.03840 0.00120 0.00434 
2.99974 0.03841 0.00121 0.00433 
2.99974 0.03842 0.00121 0.00433 
2.99974 0.03843 0.00121 0.00432 
2.99975 0.03844 0.00121 0.00432 
2.99975 0.03845 0.00121 0.00432 
2.99975 0.03845 0.00121 0.00431 
2.99975 0.03846 0.00121 0.00431 
2.99976 0.03847 0.00122 0.00431 
2.99976 0.03848 0.00122 0.00430 
2.99976 0.03849 0.00122 0.00430 
2.99976 0.03850 0.00122 0.00430 
2.99977 0.03851 0.00122 0.00429 
2.99977 0.03851 0.00122 0.00429 
2.99977 0.03852 0.00122 0.00429 
2.99977 0.03853 0.00123 0.00428 
2.99978 0.03854 0.00123 0.00428 
2.99978 0.03855 0.00123 0.00428 
2.99978 0.03856 0.00123 0.00427 
2.99978 0.03857 0.00123 0.00427 
2.99979 0.03857 0.00123 0.00426 
2.99979 0.03858 0.00123 0.00426 
2.99979 0.03859 0.00124 0.00426 
2.99979 0.03860 0.00124 0.00425 
2.99980 0.03861 0.00124 0.00425 
2.99980 0.03862 0.00124 0.00425 
2.99980 0.03863 0.00124 0.00424 
2.99980 0.03863 0.00124 0.00424 
2.99981 0.03864 0.00124 0.00424 
2.99981 0.03865 0.00125 0.00423 
2.99981 0.03866 0.00125 0.00423 
2.99981 0.03867 0.00125 0.00423 
2.99982 0.03868 0.00125 0.00422 
2.99982 0.03868 0.00125 0.00422 
2.99982 0.03869 0.00125 0.00422 
2.99982 0.03870 0.00125 0.00421 
2.99983 0.03871 0.00126 0.00421 
2.99983 0.03872 0.00126 0.00421 
2.99983 0.03873 0.00126 0.00420 
2.99983 0.03873 0.00126 0.00420 
2.99984 0.03874 0.00126 0.00419 
2.99984 0.03875 0.00126 0.00419 
2.99984 0.03876 0.00126 0.00419 
2.99984 0.03877 0.00127 0.00418 
2.99985 0.03878 0.00127 0.00418 
2.99985 0.03879 0.00127 0.00418 

