-1.35037  0.00200
-1.32734  0.00200
-1.30554  0.00200
-1.28496  0.00200
-1.26558  0.00200
-1.24736  0.00200
-1.23029  0.00200
-1.21434  0.00200
-1.19951  0.00200
-1.18576  0.00200
-1.17308  0.00200
-1.16145  0.00200
-1.15086  0.00200
-1.14128  0.00200
-1.13270  0.00200
-1.12510  0.00200
-1.11847  0.00200
-1.11278  0.00200
-1.10804  0.00200
-1.10421  0.00200
-1.10129  0.00200
-1.09926  0.00200
-1.09811  0.00200
-1.09783  0.00200
-1.09839  0.00200
-1.09980  0.00200
-1.10203  0.00200
-1.10507  0.00200
-1.10891  0.00200
-1.11355  0.00200
-1.11895  0.00200
-1.12512  0.00200
-1.13204  0.00200
-1.13970  0.00200
-1.14809  0.00200
-1.15719  0.00200
-1.16700  0.00200
-1.17749  0.00200
-1.18866  0.00200
-1.20050  0.00200
-1.21299  0.00200
-1.22612  0.00200
-1.23987  0.00200
-1.25424  0.00200
-1.26921  0.00200
-1.28476  0.00200
-1.30089  0.00200
-1.31757  0.00200
-1.33480  0.00200
-1.35255  0.00200
-1.37082  0.00200
-1.38958  0.00200
-1.40883  0.00200
-1.42854  0.00200
-1.44870  0.00200
-1.46929  0.00200
-1.49030  0.00200
-1.51170  0.00200
-1.53349  0.00200
-1.55563  0.00200
-1.57812  0.00200
-1.60093  0.00200
-1.62405  0.00200
-1.64745  0.00200
-1.67112  0.00200
-1.69504  0.00200
-1.71918  0.00200
-1.74352  0.00200
-1.76806  0.00200
-1.79275  0.00200
-1.81759  0.00200
-1.84256  0.00200
-1.86762  0.00200
-1.89277  0.00200
-1.91798  0.00200
-1.94322  0.00200
-1.96849  0.00200
-1.99375  0.00200
-2.01899  0.00200
-2.04418  0.00200
-2.06931  0.00200
-2.09435  0.00200
-2.11929  0.00200
-2.14410  0.00200
-2.16877  0.00200
-2.19328  0.00200
-2.21760  0.00200
-2.24172  0.00200
-2.26562  0.00200
-2.28929  0.00200
-2.31270  0.00200
-2.33584  0.00200
-2.35869  0.00200
-2.38125  0.00200
-2.40348  0.00200
-2.42538  0.00200
-2.44693  0.00200
-2.46813  0.00200
-2.48895  0.00200
-2.50939  0.00200
-2.52943  0.00200
-2.54906  0.00200
-2.56827  0.00200
-2.58706  0.00200
-2.60541  0.00200
-2.62332  0.00200
-2.64077  0.00200
-2.65776  0.00200
-2.67429  0.00200
-2.69034  0.00200
-2.70592  0.00200
-2.72101  0.00200
-2.73562  0.00200
-2.74974  0.00200
-2.76336  0.00200
-2.77650  0.00200
-2.78913  0.00200
-2.80127  0.00200
-2.81291  0.00200
-2.82405  0.00200
-2.83470  0.00200
-2.84485  0.00200
-2.85450  0.00200
-2.86367  0.00200
-2.87234  0.00200
-2.88054  0.00200
-2.88824  0.00200
-2.89548  0.00200
-2.90223  0.00200
-2.90852  0.00200
-2.91435  0.00200
-2.91972  0.00200
-2.92465  0.00200
-2.92912  0.00200
-2.93317  0.00200
-2.93678  0.00200
-2.93997  0.00200
-2.94275  0.00200
-2.94513  0.00200
-2.94711  0.00200
-2.94870  0.00200
-2.94992  0.00200
-2.95077  0.00200
-2.95126  0.00200
-2.95140  0.00200
-2.95121  0.00200
-2.95069  0.00200
-2.94985  0.00200
-2.94871  0.00200
-2.94728  0.00200
-2.94555  0.00200
-2.94356  0.00200
-2.94131  0.00200
-2.93880  0.00200
-2.93605  0.00200
-2.93308  0.00200
-2.92989  0.00200
-2.92650  0.00200
-2.92291  0.00200
-2.91914  0.00200
-2.91519  0.00200
-2.91109  0.00200
-2.90683  0.00200
-2.90244  0.00200
-2.89791  0.00200
-2.89327  0.00200
-2.88852  0.00200
-2.88367  0.00200
-2.87874  0.00200
-2.87372  0.00200
-2.86863  0.00200
-2.86349  0.00200
-2.85829  0.00200
-2.85305  0.00200
-2.84777  0.00200
-2.84247  0.00200
-2.83714  0.00200
-2.83181  0.00200
-2.82647  0.00200
-2.82112  0.00200
-2.81579  0.00200
-2.81047  0.00200
-2.80516  0.00200
-2.79988  0.00200
-2.79463  0.00200
-2.78940  0.00200
-2.78421  0.00200
-2.77906  0.00200
-2.77395  0.00200
-2.76888  0.00200
-2.76386  0.00200
-2.75888  0.00200
-2.75395  0.00200
-2.74906  0.00200
-2.74423  0.00200
-2.73943  0.00200
-2.73469  0.00200
-2.72998  0.00200
-2.72532  0.00200
-2.72070  0.00200
-2.71611  0.00200
-2.71155  0.00200
-2.70702  0.00200
-2.70251  0.00200
-2.69802  0.00200
-2.69354  0.00200
-2.68906  0.00200
-2.68458  0.00200
-2.68009  0.00200
-2.67559  0.00200
-2.67105  0.00200
-2.66648  0.00200
-2.66187  0.00200
-2.65719  0.00200
-2.65245  0.00200
-2.64764  0.00200
-2.64273  0.00200
-2.63772  0.00200
-2.63259  0.00200
-2.62733  0.00200
-2.62193  0.00200
-2.61637  0.00200
-2.61064  0.00200
-2.60472  0.00200
-2.59859  0.00200
-2.59224  0.00200
-2.58566  0.00200
-2.57882  0.00200
-2.57171  0.00200
-2.56432  0.00200
-2.55661  0.00200
-2.54858  0.00200
-2.54021  0.00200
-2.53148  0.00200
-2.52237  0.00200
-2.51286  0.00200
-2.50294  0.00200
-2.49259  0.00200
-2.48178  0.00200
-2.47052  0.00200
-2.45877  0.00200
-2.44652  0.00200
-2.43376  0.00200
-2.42047  0.00200
-2.40665  0.00200
-2.39226  0.00200
-2.37732  0.00200
-2.36179  0.00200
-2.34568  0.00200
-2.32898  0.00200
-2.31167  0.00200
-2.29376  0.00200
-2.27524  0.00200
-2.25611  0.00200
-2.23637  0.00200
-2.21601  0.00200
-2.19505  0.00200
-2.17348  0.00200
-2.15132  0.00200
-2.12856  0.00200
-2.10523  0.00200
-2.08133  0.00200
-2.05687  0.00200
-2.03188  0.00200
-2.00636  0.00200
-1.98034  0.00200
-1.95383  0.00200
-1.92686  0.00200
-1.89945  0.00200
-1.87163  0.00200
-1.84341  0.00200
-1.81483  0.00200
-1.78591  0.00200
-1.75668  0.00200
-1.72716  0.00200
-1.69739  0.00200
-1.66739  0.00200
-1.63719  0.00200
-1.60683  0.00200
-1.57633  0.00200
-1.54571  0.00200
-1.51502  0.00200
-1.48427  0.00200
-1.45349  0.00200
-1.42271  0.00200
-1.39197  0.00200
-1.36127  0.00200
-1.33065  0.00200
-1.30013  0.00200
-1.26974  0.00200
-1.23949  0.00200
-1.20940  0.00200
-1.17951  0.00200
-1.14982  0.00200
-1.12035  0.00200
-1.09112  0.00200
-1.06215  0.00200
-1.03344  0.00200
-1.00502  0.00200
-0.97690  0.00200
-0.94908  0.00200
-0.92158  0.00200
-0.89441  0.00200
-0.86758  0.00200
-0.84108  0.00200
-0.81494  0.00200
-0.78916  0.00200
-0.76374  0.00200
-0.73868  0.00200
-0.71400  0.00200
-0.68968  0.00200
-0.66575  0.00200
-0.64219  0.00200
-0.61902  0.00200
-0.59622  0.00200
-0.57381  0.00200
-0.55178  0.00200
-0.53012  0.00200
-0.50885  0.00200
-0.48796  0.00200
-0.46745  0.00200
-0.44731  0.00200
-0.42754  0.00200
-0.40815  0.00200
-0.38912  0.00200
-0.37046  0.00200
-0.35216  0.00200
-0.33423  0.00200
-0.31664  0.00200
-0.29942  0.00200
-0.28254  0.00200
-0.26601  0.00200
-0.24982  0.00200
-0.23397  0.00200
-0.21845  0.00200
-0.20327  0.00200
-0.18841  0.00200
-0.17388  0.00200
-0.15966  0.00200
-0.14576  0.00200
-0.13217  0.00200
-0.11888  0.00200
-0.10590  0.00200
-0.09322  0.00200
-0.08083  0.00200
-0.06873  0.00200
-0.05692  0.00200
-0.04540  0.00200
-0.03415  0.00200
-0.02317  0.00200
-0.01247  0.00200
-0.00203  0.00200
0.00814  0.00200
0.01806  0.00200
0.02772  0.00200
0.03713  0.00200
0.04629  0.00200
0.05520  0.00200
0.06388  0.00200
0.07232  0.00200
0.08052  0.00200
0.08849  0.00200
0.09624  0.00200
0.10377  0.00200
0.11107  0.00200
0.11816  0.00200
0.12503  0.00200
0.13170  0.00200
0.13816  0.00200
0.14441  0.00200
0.15047  0.00200
0.15632  0.00200
0.16199  0.00200
0.16746  0.00200
0.17274  0.00200
0.17784  0.00200
0.18276  0.00200
0.18750  0.00200
0.19206  0.00200
0.19645  0.00200
0.20067  0.00200
0.20472  0.00200
0.20860  0.00200
0.21232  0.00200
0.21588  0.00200
0.21929  0.00200
0.22254  0.00200
0.22564  0.00200
0.22859  0.00200
0.23139  0.00200
0.23405  0.00200
0.23657  0.00200
0.23895  0.00200
0.24119  0.00200
0.24329  0.00200
0.24527  0.00200
0.24711  0.00200
0.24883  0.00200
0.25042  0.00200
0.25189  0.00200
0.25324  0.00200
0.25447  0.00200
0.25559  0.00200
0.25659  0.00200
0.25748  0.00200
0.25826  0.00200
0.25893  0.00200
0.25950  0.00200
0.25996  0.00200
0.26033  0.00200
0.26059  0.00200
0.26076  0.00200
0.26083  0.00200
0.26081  0.00200
0.26070  0.00200
0.26050  0.00200
0.26021  0.00200
0.25984  0.00200
0.25938  0.00200
0.25884  0.00200
0.25823  0.00200
0.25753  0.00200
0.25676  0.00200
0.25591  0.00200
0.25499  0.00200
0.25400  0.00200
0.25294  0.00200
0.25182  0.00200
0.25063  0.00200
0.24937  0.00200
0.24805  0.00200
0.24667  0.00200
0.24523  0.00200
0.24374  0.00200
0.24219  0.00200
0.24058  0.00200
0.23892  0.00200
0.23721  0.00200
0.23544  0.00200
0.23363  0.00200
0.23178  0.00200
0.22987  0.00200
0.22792  0.00200
0.22593  0.00200
0.22390  0.00200
0.22183  0.00200
0.21972  0.00200
0.21757  0.00200
0.21538  0.00200
0.21316  0.00200
0.21090  0.00200
0.20861  0.00200
0.20629  0.00200
0.20394  0.00200
0.20156  0.00200
0.19916  0.00200
0.19672  0.00200
0.19426  0.00200
0.19178  0.00200
0.18927  0.00200
0.18673  0.00200
0.18418  0.00200
0.18160  0.00200
0.17901  0.00200
0.17640  0.00200
0.17377  0.00200
0.17112  0.00200
0.16845  0.00200
0.16577  0.00200
0.16308  0.00200
0.16037  0.00200
0.15765  0.00200
0.15492  0.00200
0.15218  0.00200
0.14942  0.00200
0.14666  0.00200
0.14389  0.00200
0.14111  0.00200
0.13832  0.00200
0.13553  0.00200
0.13273  0.00200
0.12992  0.00200
0.12711  0.00200
0.12430  0.00200
0.12148  0.00200
0.11866  0.00200
0.11584  0.00200
0.11302  0.00200
0.11019  0.00200
0.10736  0.00200
0.10454  0.00200
0.10171  0.00200
0.09888  0.00200
0.09606  0.00200
0.09323  0.00200
0.09041  0.00200
0.08759  0.00200
0.08478  0.00200
0.08196  0.00200
0.07915  0.00200
0.07635  0.00200
0.07355  0.00200
0.07075  0.00200
0.06796  0.00200
0.06517  0.00200
0.06239  0.00200
0.05962  0.00200
0.05685  0.00200
0.05409  0.00200
0.05133  0.00200
0.04858  0.00200
0.04584  0.00200
0.04310  0.00200
0.04038  0.00200
0.03766  0.00200
0.03495  0.00200
0.03224  0.00200
0.02955  0.00200
0.02686  0.00200
0.02419  0.00200
0.02152  0.00200
0.01886  0.00200
0.01620  0.00200
0.01356  0.00200
0.01093  0.00200
0.00831  0.00200
0.00569  0.00200
0.00309  0.00200
0.00049  0.00200
-0.00209  0.00200
-0.00466  0.00200
-0.00723  0.00200
-0.00978  0.00200
-0.01233  0.00200
-0.01486  0.00200
-0.01739  0.00200
-0.01990  0.00200
-0.02241  0.00200
-0.02490  0.00200
-0.02738  0.00200
-0.02986  0.00200
-0.03232  0.00200
-0.03477  0.00200
-0.03721  0.00200
-0.03965  0.00200
-0.04207  0.00200
-0.04448  0.00200
-0.04688  0.00200
-0.04927  0.00200
-0.05164  0.00200
-0.05401  0.00200
-0.05637  0.00200
-0.05872  0.00200
-0.06105  0.00200
-0.06338  0.00200
-0.06569  0.00200
-0.06799  0.00200
-0.07029  0.00200
-0.07257  0.00200
-0.07484  0.00200
-0.07710  0.00200
-0.07935  0.00200
-0.08159  0.00200
-0.08382  0.00200
-0.08604  0.00200
-0.08824  0.00200
-0.09044  0.00200
-0.09262  0.00200
-0.09480  0.00200
-0.09696  0.00200
-0.09911  0.00200
-0.10125  0.00200
-0.10338  0.00200
-0.10550  0.00200
-0.10761  0.00200
-0.10970  0.00200
-0.11179  0.00200
-0.11386  0.00200
-0.11592  0.00200
-0.11797  0.00200
-0.12001  0.00200
-0.12204  0.00200
-0.12405  0.00200
-0.12606  0.00200
-0.12805  0.00200
-0.13003  0.00200
-0.13200  0.00200
-0.13395  0.00200
-0.13590  0.00200
-0.13783  0.00200
-0.13975  0.00200
-0.14166  0.00200
-0.14355  0.00200
-0.14543  0.00200
-0.14730  0.00200
-0.14916  0.00200
-0.15100  0.00200
-0.15283  0.00200
-0.15465  0.00200
-0.15645  0.00200
-0.15824  0.00200
-0.16002  0.00200
-0.16178  0.00200
-0.16353  0.00200
-0.16526  0.00200
-0.16698  0.00200
-0.16869  0.00200
-0.17038  0.00200
-0.17205  0.00200
-0.17372  0.00200
-0.17536  0.00200
-0.17700  0.00200
-0.17861  0.00200
-0.18021  0.00200
-0.18180  0.00200
-0.18337  0.00200
-0.18492  0.00200
-0.18646  0.00200
-0.18798  0.00200
-0.18949  0.00200
-0.19097  0.00200
-0.19244  0.00200
-0.19390  0.00200
-0.19533  0.00200
-0.19675  0.00200
-0.19816  0.00200
-0.19954  0.00200
-0.20090  0.00200
-0.20225  0.00200
-0.20358  0.00200
-0.20489  0.00200
-0.20618  0.00200
-0.20746  0.00200
-0.20871  0.00200
-0.20994  0.00200
-0.21116  0.00200
-0.21235  0.00200
-0.21353  0.00200
-0.21468  0.00200
-0.21582  0.00200
-0.21693  0.00200
-0.21802  0.00200
-0.21910  0.00200
-0.22015  0.00200
-0.22118  0.00200
-0.22219  0.00200
-0.22317  0.00200
-0.22414  0.00200
-0.22508  0.00200
-0.22600  0.00200
-0.22690  0.00200
-0.22778  0.00200
-0.22863  0.00200
-0.22946  0.00200
-0.23027  0.00200
-0.23105  0.00200
-0.23182  0.00200
-0.23255  0.00200
-0.23327  0.00200
-0.23396  0.00200
-0.23463  0.00200
-0.23527  0.00200
-0.23589  0.00200
-0.23648  0.00200
-0.23705  0.00200
-0.23760  0.00200
-0.23812  0.00200
-0.23862  0.00200
-0.23909  0.00200
-0.23954  0.00200
-0.23996  0.00200
-0.24035  0.00200
-0.24072  0.00200
-0.24107  0.00200
-0.24139  0.00200
-0.24169  0.00200
-0.24196  0.00200
-0.24220  0.00200
-0.24242  0.00200
-0.24261  0.00200
-0.24278  0.00200
-0.24292  0.00200
-0.24304  0.00200
-0.24313  0.00200
-0.24319  0.00200
-0.24323  0.00200
-0.24324  0.00200
-0.24322  0.00200
-0.24319  0.00200
-0.24312  0.00200
-0.24303  0.00200
-0.24291  0.00200
-0.24277  0.00200
-0.24260  0.00200
-0.24240  0.00200
-0.24218  0.00200
-0.24193  0.00200
-0.24166  0.00200
-0.24136  0.00200
-0.24104  0.00200
-0.24069  0.00200
-0.24032  0.00200
-0.23992  0.00200
-0.23949  0.00200
-0.23904  0.00200
-0.23857  0.00200
-0.23806  0.00200
-0.23754  0.00200
-0.23699  0.00200
-0.23641  0.00200
-0.23581  0.00200
-0.23519  0.00200
-0.23454  0.00200
-0.23387  0.00200
-0.23317  0.00200
-0.23245  0.00200
-0.23171  0.00200
-0.23094  0.00200
-0.23015  0.00200
-0.22933  0.00200
-0.22850  0.00200
-0.22764  0.00200
-0.22675  0.00200
-0.22585  0.00200
-0.22492  0.00200
-0.22397  0.00200
-0.22299  0.00200
-0.22200  0.00200
-0.22098  0.00200
-0.21995  0.00200
-0.21889  0.00200
-0.21781  0.00200
-0.21671  0.00200
-0.21559  0.00200
-0.21445  0.00200
-0.21329  0.00200
-0.21210  0.00200
-0.21090  0.00200
-0.20968  0.00200
-0.20845  0.00200
-0.20719  0.00200
-0.20591  0.00200
-0.20462  0.00200
-0.20330  0.00200
-0.20197  0.00200
-0.20062  0.00200
-0.19926  0.00200
-0.19787  0.00200
-0.19647  0.00200
-0.19506  0.00200
-0.19362  0.00200
-0.19218  0.00200
-0.19071  0.00200
-0.18923  0.00200
-0.18774  0.00200
-0.18623  0.00200
-0.18470  0.00200
-0.18316  0.00200
-0.18161  0.00200
-0.18004  0.00200
-0.17846  0.00200
-0.17686  0.00200
-0.17526  0.00200
-0.17364  0.00200
-0.17200  0.00200
-0.17036  0.00200
-0.16870  0.00200
-0.16703  0.00200
-0.16535  0.00200
-0.16366  0.00200
-0.16196  0.00200
-0.16025  0.00200
-0.15852  0.00200
-0.15679  0.00200
-0.15505  0.00200
-0.15330  0.00200
-0.15153  0.00200
-0.14976  0.00200
-0.14799  0.00200
-0.14620  0.00200
-0.14440  0.00200
-0.14260  0.00200
-0.14079  0.00200
-0.13897  0.00200
-0.13715  0.00200
-0.13531  0.00200
-0.13347  0.00200
-0.13163  0.00200
-0.12978  0.00200
-0.12792  0.00200
-0.12606  0.00200
-0.12419  0.00200
-0.12232  0.00200
-0.12044  0.00200
-0.11856  0.00200
-0.11667  0.00200
-0.11478  0.00200
-0.11289  0.00200
-0.11099  0.00200
-0.10909  0.00200
-0.10718  0.00200
-0.10528  0.00200
-0.10337  0.00200
-0.10145  0.00200
-0.09954  0.00200
-0.09762  0.00200
-0.09570  0.00200
-0.09378  0.00200
-0.09186  0.00200
-0.08994  0.00200
-0.08801  0.00200
-0.08609  0.00200
-0.08416  0.00200
-0.08223  0.00200
-0.08030  0.00200
-0.07838  0.00200
-0.07645  0.00200
-0.07452  0.00200
-0.07260  0.00200
-0.07067  0.00200
-0.06874  0.00200
-0.06682  0.00200
-0.06490  0.00200
-0.06297  0.00200
-0.06105  0.00200
-0.05913  0.00200
-0.05722  0.00200
-0.05530  0.00200
-0.05339  0.00200
-0.05147  0.00200
-0.04956  0.00200
-0.04766  0.00200
-0.04575  0.00200
-0.04385  0.00200
-0.04195  0.00200
-0.04005  0.00200
-0.03816  0.00200
-0.03627  0.00200
-0.03438  0.00200
-0.03250  0.00200
-0.03062  0.00200
-0.02874  0.00200
-0.02687  0.00200
-0.02500  0.00200
-0.02313  0.00200
-0.02127  0.00200
-0.01941  0.00200
-0.01756  0.00200
-0.01571  0.00200
-0.01387  0.00200
-0.01203  0.00200
-0.01019  0.00200
-0.00836  0.00200
-0.00653  0.00200
-0.00471  0.00200
-0.00289  0.00200
-0.00108  0.00200
0.00072  0.00200
0.00253  0.00200
0.00432  0.00200
0.00611  0.00200
0.00790  0.00200
0.00968  0.00200
0.01146  0.00200
0.01323  0.00200
0.01499  0.00200
0.01675  0.00200
0.01850  0.00200
0.02025  0.00200
0.02199  0.00200
0.02372  0.00200
0.02545  0.00200
0.02718  0.00200
0.02889  0.00200
0.03061  0.00200
0.03231  0.00200
0.03401  0.00200
0.03570  0.00200
0.03739  0.00200
0.03907  0.00200
0.04074  0.00200
0.04241  0.00200
0.04407  0.00200
0.04572  0.00200
0.04737  0.00200
0.04901  0.00200
0.05065  0.00200
0.05227  0.00200
0.05389  0.00200
0.05551  0.00200
0.05711  0.00200
0.05871  0.00200
0.06030  0.00200
0.06189  0.00200
0.06347  0.00200
0.06504  0.00200
0.06660  0.00200
0.06816  0.00200
0.06970  0.00200
0.07125  0.00200
0.07278  0.00200
0.07431  0.00200
0.07582  0.00200
0.07733  0.00200
0.07884  0.00200
0.08033  0.00200
0.08182  0.00200
0.08330  0.00200
0.08477  0.00200
0.08623  0.00200
0.08769  0.00200
0.08913  0.00200
0.09057  0.00200
0.09200  0.00200
0.09342  0.00200
0.09484  0.00200
0.09624  0.00200
0.09764  0.00200
0.09902  0.00200
0.10040  0.00200
0.10177  0.00200
0.10313  0.00200
0.10448  0.00200
0.10582  0.00200
0.10715  0.00200
0.10848  0.00200
0.10979  0.00200
0.11110  0.00200
0.11239  0.00200
0.11368  0.00200
0.11495  0.00200
0.11622  0.00200
0.11747  0.00200
0.11872  0.00200
0.11996  0.00200
0.12118  0.00200
0.12240  0.00200
0.12360  0.00200
0.12479  0.00200
0.12598  0.00200
0.12715  0.00200
0.12831  0.00200
0.12946  0.00200
0.13060  0.00200
0.13173  0.00200
0.13285  0.00200
0.13396  0.00200
0.13505  0.00200
0.13614  0.00200
0.13721  0.00200
0.13827  0.00200
0.13932  0.00200
0.14035  0.00200
0.14138  0.00200
0.14239  0.00200
0.14339  0.00200
0.14438  0.00200
0.14536  0.00200
0.14632  0.00200
0.14727  0.00200
0.14821  0.00200
0.14913  0.00200
0.15004  0.00200
0.15094  0.00200
0.15183  0.00200
0.15270  0.00200
0.15356  0.00200
0.15440  0.00200
0.15523  0.00200
0.15605  0.00200
0.15685  0.00200
0.15764  0.00200
0.15842  0.00200
0.15918  0.00200
0.15993  0.00200
0.16066  0.00200
0.16138  0.00200
0.16209  0.00200
0.16278  0.00200
0.16345  0.00200
0.16411  0.00200
0.16476  0.00200
0.16539  0.00200
0.16600  0.00200
0.16660  0.00200
0.16719  0.00200
0.16776  0.00200
0.16831  0.00200
0.16885  0.00200
0.16937  0.00200
0.16988  0.00200
0.17037  0.00200
0.17085  0.00200
0.17131  0.00200
0.17175  0.00200
0.17218  0.00200
0.17259  0.00200
0.17299  0.00200
0.17337  0.00200
0.17373  0.00200
0.17408  0.00200
0.17441  0.00200
0.17472  0.00200
0.17502  0.00200
0.17530  0.00200
0.17557  0.00200
0.17581  0.00200
0.17604  0.00200
0.17626  0.00200
0.17646  0.00200
0.17664  0.00200
0.17680  0.00200
0.17695  0.00200
0.17708  0.00200
0.17719  0.00200
0.17729  0.00200
0.17737  0.00200
0.17743  0.00200
0.17748  0.00200
0.17751  0.00200
0.17752  0.00200
0.17751  0.00200
0.17749  0.00200
0.17745  0.00200
0.17739  0.00200
0.17732  0.00200
0.17723  0.00200
0.17712  0.00200
0.17700  0.00200
0.17686  0.00200
0.17670  0.00200
0.17653  0.00200
0.17634  0.00200
0.17613  0.00200
0.17590  0.00200
0.17566  0.00200
0.17540  0.00200
0.17513  0.00200
0.17484  0.00200
0.17453  0.00200
0.17420  0.00200
0.17386  0.00200
0.17350  0.00200
0.17313  0.00200
0.17274  0.00200
0.17233  0.00200
0.17191  0.00200
0.17147  0.00200
0.17102  0.00200
0.17055  0.00200
0.17006  0.00200
0.16956  0.00200
0.16904  0.00200
0.16851  0.00200
0.16796  0.00200
0.16739  0.00200
0.16681  0.00200
0.16622  0.00200
0.16561  0.00200
0.16498  0.00200
0.16434  0.00200
0.16369  0.00200
0.16302  0.00200
0.16233  0.00200
0.16163  0.00200
0.16092  0.00200
0.16019  0.00200
0.15945  0.00200
0.15870  0.00200
0.15793  0.00200
0.15714  0.00200
0.15635  0.00200
0.15554  0.00200
0.15471  0.00200
0.15388  0.00200
0.15303  0.00200
0.15216  0.00200
0.15129  0.00200
0.15040  0.00200
0.14950  0.00200
0.14858  0.00200
0.14766  0.00200
0.14672  0.00200
0.14577  0.00200
0.14481  0.00200
0.14383  0.00200
0.14285  0.00200
0.14185  0.00200
0.14084  0.00200
0.13982  0.00200
0.13879  0.00200
0.13775  0.00200
0.13670  0.00200
0.13564  0.00200
0.13457  0.00200
0.13349  0.00200
0.13239  0.00200
0.13129  0.00200
0.13018  0.00200
0.12906  0.00200
0.12793  0.00200
0.12679  0.00200
0.12564  0.00200
0.12448  0.00200
0.12331  0.00200
0.12214  0.00200
0.12095  0.00200
0.11976  0.00200
0.11856  0.00200
0.11735  0.00200
0.11614  0.00200
0.11491  0.00200
0.11368  0.00200
0.11245  0.00200
0.11120  0.00200
0.10995  0.00200
0.10869  0.00200
0.10742  0.00200
0.10615  0.00200
0.10487  0.00200
0.10359  0.00200
0.10230  0.00200
0.10100  0.00200
0.09970  0.00200
0.09839  0.00200
0.09708  0.00200
0.09576  0.00200
0.09444  0.00200
0.09311  0.00200
0.09177  0.00200
0.09044  0.00200
0.08909  0.00200
0.08775  0.00200
0.08640  0.00200
0.08504  0.00200
0.08368  0.00200
0.08232  0.00200
0.08096  0.00200
0.07959  0.00200
0.07821  0.00200
0.07684  0.00200
0.07546  0.00200
0.07408  0.00200
0.07270  0.00200
0.07131  0.00200
0.06992  0.00200
0.06853  0.00200
0.06713  0.00200
0.06574  0.00200
0.06434  0.00200
0.06294  0.00200
0.06154  0.00200
0.06014  0.00200
0.05874  0.00200
0.05733  0.00200
0.05593  0.00200
0.05452  0.00200
0.05311  0.00200
0.05170  0.00200
0.05029  0.00200
0.04888  0.00200
0.04747  0.00200
0.04606  0.00200
0.04465  0.00200
0.04324  0.00200
0.04183  0.00200
0.04042  0.00200
0.03901  0.00200
0.03760  0.00200
0.03620  0.00200
0.03479  0.00200
0.03338  0.00200
0.03197  0.00200
0.03057  0.00200
0.02916  0.00200
0.02776  0.00200
0.02636  0.00200
0.02496  0.00200
0.02356  0.00200
0.02216  0.00200
0.02077  0.00200
0.01937  0.00200
0.01798  0.00200
0.01659  0.00200
0.01520  0.00200
0.01381  0.00200
0.01243  0.00200
0.01105  0.00200
0.00967  0.00200
0.00829  0.00200
0.00692  0.00200
0.00555  0.00200
0.00418  0.00200
0.00281  0.00200
0.00145  0.00200
0.00009  0.00200
-0.00126  0.00200
-0.00262  0.00200
-0.00397  0.00200
-0.00532  0.00200
-0.00666  0.00200
-0.00800  0.00200
-0.00933  0.00200
-0.01067  0.00200
-0.01200  0.00200
-0.01332  0.00200
-0.01464  0.00200
-0.01596  0.00200
-0.01727  0.00200
-0.01858  0.00200
-0.01989  0.00200
-0.02119  0.00200
-0.02248  0.00200
-0.02378  0.00200
-0.02506  0.00200
-0.02635  0.00200
-0.02763  0.00200
-0.02890  0.00200
-0.03017  0.00200
-0.03143  0.00200
-0.03269  0.00200
-0.03395  0.00200
-0.03519  0.00200
-0.03644  0.00200
-0.03768  0.00200
-0.03891  0.00200
-0.04014  0.00200
-0.04136  0.00200
-0.04258  0.00200
-0.04379  0.00200
-0.04500  0.00200
-0.04620  0.00200
-0.04740  0.00200
-0.04858  0.00200
-0.04977  0.00200
-0.05095  0.00200
-0.05212  0.00200
-0.05328  0.00200
-0.05444  0.00200
-0.05560  0.00200
-0.05674  0.00200
-0.05788  0.00200
-0.05902  0.00200
-0.06015  0.00200
-0.06127  0.00200
-0.06238  0.00200
-0.06349  0.00200
-0.06459  0.00200
-0.06569  0.00200
-0.06677  0.00200
-0.06786  0.00200
-0.06893  0.00200
-0.07000  0.00200
-0.07106  0.00200
-0.07211  0.00200
-0.07315  0.00200
-0.07419  0.00200
-0.07522  0.00200
-0.07625  0.00200
-0.07726  0.00200
-0.07827  0.00200
-0.07927  0.00200
-0.08026  0.00200
-0.08125  0.00200
-0.08222  0.00200
-0.08319  0.00200
-0.08415  0.00200
-0.08511  0.00200
-0.08605  0.00200
-0.08699  0.00200
-0.08792  0.00200
-0.08884  0.00200
-0.08975  0.00200
-0.09065  0.00200
-0.09155  0.00200
-0.09243  0.00200
-0.09331  0.00200
-0.09418  0.00200
-0.09504  0.00200
-0.09589  0.00200
-0.09673  0.00200
-0.09756  0.00200
-0.09839  0.00200
-0.09920  0.00200
-0.10001  0.00200
-0.10080  0.00200
-0.10159  0.00200
-0.10237  0.00200
-0.10313  0.00200
-0.10389  0.00200
-0.10464  0.00200
-0.10538  0.00200
-0.10611  0.00200
-0.10683  0.00200
-0.10754  0.00200
-0.10824  0.00200
-0.10893  0.00200
-0.10961  0.00200
-0.11027  0.00200
-0.11093  0.00200
-0.11158  0.00200
-0.11222  0.00200
-0.11285  0.00200
-0.11347  0.00200
-0.11408  0.00200
-0.11467  0.00200
-0.11526  0.00200
-0.11583  0.00200
-0.11640  0.00200
-0.11695  0.00200
-0.11750  0.00200
-0.11803  0.00200
-0.11855  0.00200
-0.11906  0.00200
-0.11956  0.00200
-0.12005  0.00200
-0.12053  0.00200
-0.12099  0.00200
-0.12145  0.00200
-0.12189  0.00200
-0.12233  0.00200
-0.12275  0.00200
-0.12316  0.00200
-0.12356  0.00200
-0.12394  0.00200
-0.12432  0.00200
-0.12468  0.00200
-0.12503  0.00200
-0.12538  0.00200
-0.12570  0.00200
-0.12602  0.00200
-0.12633  0.00200
-0.12662  0.00200
-0.12690  0.00200
-0.12717  0.00200
-0.12743  0.00200
-0.12768  0.00200
-0.12792  0.00200
-0.12814  0.00200
-0.12835  0.00200
-0.12855  0.00200
-0.12874  0.00200
-0.12891  0.00200
-0.12908  0.00200
-0.12923  0.00200
-0.12937  0.00200
-0.12949  0.00200
-0.12961  0.00200
-0.12971  0.00200
-0.12981  0.00200
-0.12988  0.00200
-0.12995  0.00200
-0.13001  0.00200
-0.13005  0.00200
-0.13008  0.00200
-0.13010  0.00200
-0.13011  0.00200
-0.13010  0.00200
-0.13009  0.00200
-0.13006  0.00200
-0.13002  0.00200
-0.12996  0.00200
-0.12990  0.00200
-0.12982  0.00200
-0.12973  0.00200
-0.12963  0.00200
-0.12952  0.00200
-0.12940  0.00200
-0.12926  0.00200
-0.12911  0.00200
-0.12895  0.00200
-0.12878  0.00200
-0.12860  0.00200
-0.12840  0.00200
-0.12820  0.00200
-0.12798  0.00200
-0.12775  0.00200
-0.12751  0.00200
-0.12726  0.00200
-0.12699  0.00200
-0.12672  0.00200
-0.12643  0.00200
-0.12613  0.00200
-0.12582  0.00200
-0.12550  0.00200
-0.12517  0.00200
-0.12482  0.00200
-0.12447  0.00200
-0.12410  0.00200
-0.12373  0.00200
-0.12334  0.00200
-0.12294  0.00200
-0.12253  0.00200
-0.12211  0.00200
-0.12168  0.00200
-0.12124  0.00200
-0.12079  0.00200
-0.12033  0.00200
-0.11986  0.00200
-0.11937  0.00200
-0.11888  0.00200
-0.11838  0.00200
-0.11786  0.00200
-0.11734  0.00200
-0.11681  0.00200
-0.11626  0.00200
-0.11571  0.00200
-0.11515  0.00200
-0.11458  0.00200
-0.11400  0.00200
-0.11340  0.00200
-0.11280  0.00200
-0.11219  0.00200
-0.11157  0.00200
-0.11095  0.00200
-0.11031  0.00200
-0.10966  0.00200
-0.10901  0.00200
-0.10834  0.00200
-0.10767  0.00200
-0.10699  0.00200
-0.10630  0.00200
-0.10560  0.00200
-0.10489  0.00200
-0.10418  0.00200
-0.10346  0.00200
-0.10272  0.00200
-0.10199  0.00200
-0.10124  0.00200
-0.10048  0.00200
-0.09972  0.00200
-0.09895  0.00200
-0.09818  0.00200
-0.09739  0.00200
-0.09660  0.00200
-0.09580  0.00200
-0.09499  0.00200
-0.09418  0.00200
-0.09336  0.00200
-0.09253  0.00200
-0.09170  0.00200
-0.09086  0.00200
-0.09002  0.00200
-0.08916  0.00200
-0.08830  0.00200
-0.08744  0.00200
-0.08657  0.00200
-0.08569  0.00200
-0.08481  0.00200
-0.08392  0.00200
-0.08303  0.00200
-0.08213  0.00200
-0.08122  0.00200
-0.08031  0.00200
-0.07940  0.00200
-0.07848  0.00200
-0.07755  0.00200
-0.07662  0.00200
-0.07569  0.00200
-0.07475  0.00200
-0.07380  0.00200
-0.07285  0.00200
-0.07190  0.00200
-0.07094  0.00200
-0.06998  0.00200
-0.06902  0.00200
-0.06805  0.00200
-0.06708  0.00200
-0.06610  0.00200
-0.06512  0.00200
-0.06413  0.00200
-0.06315  0.00200
-0.06216  0.00200
-0.06116  0.00200
-0.06017  0.00200
-0.05917  0.00200
-0.05816  0.00200
-0.05716  0.00200
-0.05615  0.00200
-0.05514  0.00200
-0.05412  0.00200
-0.05311  0.00200
-0.05209  0.00200
-0.05107  0.00200
-0.05005  0.00200
-0.04902  0.00200
-0.04800  0.00200
-0.04697  0.00200
-0.04594  0.00200
-0.04491  0.00200
-0.04387  0.00200
-0.04284  0.00200
-0.04180  0.00200
-0.04077  0.00200
-0.03973  0.00200
-0.03869  0.00200
-0.03765  0.00200
-0.03661  0.00200
-0.03556  0.00200
-0.03452  0.00200
-0.03348  0.00200

